SpikeUp,528,544,3CA8D956,0,1,1,4294967295,0,0
SpikeDown,496,512,1A46BC9C,0,1,1,4294967295,0,0
SpikeRight,528,480,72271502,0,1,1,4294967295,0,0
SpikeRight,496,464,38A69E10,0,1,1,4294967295,0,0
SpikeUp,464,400,617B68E2,0,1,1,4294967295,0,0
SpikeDown,704,448,F148558A,0,1,1,4294967295,0,0
SpikeUp,704,384,2C134B87,0,1,1,4294967295,0,0
SpikeRight,592,464,59AB1FD4,0,1,1,4294967295,0,0
SpikeUp,592,416,9C0995CF,0,1,1,4294967295,0,0
SpikeLeft,592,528,1F65BA13,0,1,1,4294967295,0,0
SpikeRight,656,528,E78F12AB,0,1,1,4294967295,0,0
SpikeRight,688,544,91D3B36F,0,1,1,4294967295,0,0
SpikeRight,624,336,C33D3E56,0,1,1,4294967295,0,0
SpikeRight,656,352,BE71B7D2,0,1,1,4294967295,0,0
SpikeLeft,688,304,A5384C7C,0,1,1,4294967295,0,0
SpikeDown,576,320,E067A406,0,1,1,4294967295,0,0
SpikeLeft,544,288,437C3C0E,0,1,1,4294967295,0,0
SpikeLeft,480,256,2550A077,0,1,1,4294967295,0,0
SpikeRight,608,224,4BAE75C1,0,1,1,4294967295,0,0
SpikeRight,640,208,9A9E221A,0,1,1,4294967295,0,0
SpikeUp,448,288,2EF7992A,0,1,1,4294967295,0,0
SpikeDown,448,352,7CD56933,0,1,1,4294967295,0,0
SpikeUp,512,224,62B779F9,0,1,1,4294967295,0,0
SpikeLeft,656,144,3BF7739A,0,1,1,4294967295,0,0
SpikeLeft,624,128,9FE4BCCE,0,1,1,4294967295,0,0
SpikeUp,656,64,5BD3B9BD,0,1,1,4294967295,0,0
SpikeUp,576,176,70679415,0,1,1,4294967295,0,0
SpikeLeft,592,112,CDBD3D4C,0,1,1,4294967295,0,0
SpikeUp,624,64,652AFECE,0,1,1,4294967295,0,0
SpikeUp,544,224,2D7CDB8A,0,1,1,4294967295,0,0
SpikeDown,528,144,CC50224B,0,1,1,4294967295,0,0
SpikeRight,560,48,2680391C,0,1,1,4294967295,0,0
SpikeRight,432,208,9DECE712,0,1,1,4294967295,0,0
SpikeUp,432,112,B2DA8C0A,0,1,1,4294967295,0,0
SpikeLeft,496,112,FBBF8C04,0,1,1,4294967295,0,0
SpikeRight,464,192,FC8E95E4,0,1,1,4294967295,0,0
SpikeLeft,464,80,AA5F91A5,0,1,1,4294967295,0,0
SpikeUp,496,48,E9593A2E,0,1,1,4294967295,0,0
SpikeUp,384,224,221CFF28,0,1,1,4294967295,0,0
SpikeLeft,352,256,208AEBB1,0,1,1,4294967295,0,0
SpikeRight,352,320,96BC7625,0,1,1,4294967295,0,0
SpikeRight,384,368,FC1659CF,0,1,1,4294967295,0,0
SpikeUp,320,240,29792F9C,0,1,1,4294967295,0,0
SpikeLeft,400,160,521DBD66,0,1,1,4294967295,0,0
SpikeUp,416,432,63505E4F,0,1,1,4294967295,0,0
SpikeRight,384,496,0A80DA76,0,1,1,4294967295,0,0
SpikeLeft,368,144,2AF97CC6,0,1,1,4294967295,0,0
SpikeDown,336,160,36C299D7,0,1,1,4294967295,0,0
SpikeUp,304,208,54465A14,0,1,1,4294967295,0,0
SpikeRight,304,144,61CDA257,0,1,1,4294967295,0,0
SpikeRight,304,80,57574915,0,1,1,4294967295,0,0
SpikeRight,336,64,E4EB3333,0,1,1,4294967295,0,0
SpikeUp,304,32,14A1A819,0,1,1,4294967295,0,0
SpikeDown,352,0,20E8E2C6,0,1,1,4294967295,0,0
SpikeDown,256,0,8DBD9997,0,1,1,4294967295,0,0
SpikeUp,256,240,6BAEDB13,0,1,1,4294967295,0,0
SpikeDown,224,272,E9EC90CD,0,1,1,4294967295,0,0
SpikeUp,256,320,54139107,0,1,1,4294967295,0,0
SpikeUp,272,352,BCA1E2FB,0,1,1,4294967295,0,0
SpikeDown,192,384,4C5EB964,0,1,1,4294967295,0,0
SpikeUp,192,320,E3244FCD,0,1,1,4294967295,0,0
SpikeRight,208,160,43AF0CD3,0,1,1,4294967295,0,0
SpikeDown,176,224,F6BB916B,0,1,1,4294967295,0,0
SpikeLeft,224,64,E090D9CC,0,1,1,4294967295,0,0
SpikeRight,224,80,156E81B9,0,1,1,4294967295,0,0
SpikeUp,176,128,38CF381D,0,1,1,4294967295,0,0
SpikeDown,160,32,F40B089D,0,1,1,4294967295,0,0
SpikeUp,128,64,71C756B0,0,1,1,4294967295,0,0
SpikeUp,160,224,69779589,0,1,1,4294967295,0,0
SpikeDown,80,224,1CFFE929,0,1,1,4294967295,0,0
SpikeLeft,112,256,61D5809A,0,1,1,4294967295,0,0
MiniSpikeUp,144,240,3A5172CC,0,1,1,4294967295,0,0
SpikeRight,80,96,75A254F6,0,1,1,4294967295,0,0
SpikeLeft,128,0,8283B502,0,1,1,4294967295,0,0
SpikeUp,96,320,E91B7D59,0,1,1,4294967295,0,0
SpikeUp,144,352,6906DF4C,0,1,1,4294967295,0,0
SpikeUp,224,480,2D018077,0,1,1,4294967295,0,0
SpikeDown,288,432,3C7A5F3F,0,1,1,4294967295,0,0
SpikeUp,288,512,A8E4A01C,0,1,1,4294967295,0,0
SpikeLeft,144,496,AAEDDEE2,0,1,1,4294967295,0,0
SpikeLeft,224,560,85B7F6F1,0,1,1,4294967295,0,0
SpikeUp,320,352,EF423A1E,0,1,1,4294967295,0,0
SpikeDown,128,128,250BB143,0,1,1,4294967295,0,0
SaveVeryHard,464,544,806445F6,0,1,1,4294967295,0,0
SurfaceBlock,0,432,FD252266,0,1,1,4294967295,0,1
Block,464,576,39DC57EA,0,1,1,4294967295,0,0
Block,496,480,2F7F6448,0,1,1,4294967295,0,0
Block,528,576,A04C2DF2,0,1,1,4294967295,0,0
Block,464,432,7C94A50D,0,1,2.5,4294967295,0,0
Block,592,544,CC937EE1,0,1,1,4294967295,0,0
Block,592,576,15C9251F,0,1,1,4294967295,0,0
Block,624,448,71D57A0D,0,1,1,4294967295,0,0
Block,624,416,4755B9EE,0,1,1,4294967295,0,0
Block,624,384,BC0C45A6,0,1,1,4294967295,0,0
Block,704,416,314BC581,0,1,1,4294967295,0,0
Block,592,448,A042C434,0,1,1,4294967295,0,0
Block,656,544,CBB462A0,0,1,1,4294967295,0,0
Block,656,576,2CA23795,0,1,1,4294967295,0,0
Block,624,352,B287E71D,0,1,1,4294967295,0,0
Block,688,272,22A8DDC6,0,1,1.5,4294967295,0,0
Block,528,400,9B6DC073,0,1,1,4294967295,0,0
Block,576,288,BDF09273,0,1,1,4294967295,0,0
Block,576,256,62F56712,0,1,1,4294967295,0,0
Block,544,256,7BA03EF2,0,1,1,4294967295,0,0
Block,512,256,FC5B4C59,0,1,1,4294967295,0,0
Block,576,208,14C06ED6,0,1,1.5,4294967295,0,0
Block,608,208,F61DEFD6,0,1,1,4294967295,0,0
Block,448,320,2A3BC9D0,0,1,1,4294967295,0,0
Block,656,128,59C3EE1D,0,1,1,4294967295,0,0
Block,656,96,D5E02F81,0,1,1,4294967295,0,0
Block,624,96,821AE9B3,0,1,1.5,4294967295,0,0
Block,528,112,56A61862,0,1,1,4294967295,0,0
Block,528,80,8F6D7028,0,1,1,4294967295,0,0
Block,528,48,5EEAE1F8,0,1,1,4294967295,0,0
Block,528,16,7FA2707E,0,1,1,4294967295,0,0
Block,528,-16,23E27813,0,1,1,4294967295,0,0
Block,560,16,89B8BC95,0,1,1,4294967295,0,0
Block,560,-16,D06AE021,0,1,1,4294967295,0,0
Block,464,192,925CE768,0,1,0.5,4294967295,0,0
Block,432,176,D264B24A,0,1,1.5,4294967295,0,0
Block,432,144,E31F3B09,0,1,1,4294967295,0,0
Block,496,80,1E1563C6,0,1,1,4294967295,0,0
Block,384,256,5E56B467,0,1,1,4294967295,0,0
Block,448,352,4D0B8AAA,0,0.5,5,4294967295,0,0
Block,352,336,E8F09016,0,1,1,4294967295,0,0
Block,352,368,85DEEEE2,0,1,1,4294967295,0,0
Block,400,144,65C96016,0,1,1,4294967295,0,0
Block,320,384,00442F23,0,1,0.5,4294967295,0,0
Block,416,464,9C9487BC,0,1,1,4294967295,0,0
Block,384,512,FB0A027F,0,1,1,4294967295,0,0
Block,384,544,DE111A40,0,1,1,4294967295,0,0
Block,384,576,68F6989D,0,1,1,4294967295,0,0
Block,304,240,E995A349,0,1,1,4294967295,0,0
Block,272,80,C1E9105C,0,1,1,4294967295,0,0
Block,272,144,CB8EFA0B,0,1,1,4294967295,0,0
Block,400,112,3DF4A4F7,0,1,1,4294967295,0,0
Block,304,64,6A7D7C8F,0,1,1,4294967295,0,0
Block,272,64,B61C1500,0,1,0.5,4294967295,0,0
Block,304,272,653218BC,0,0.5,4,4294967295,0,0
Block,256,352,B7BAF0AF,0,1,1,4294967295,0,0
Block,256,384,F155DAFD,0,1.5,0.5,4294967295,0,0
Block,192,352,8691EE8A,0,1,1,4294967295,0,0
Block,224,224,DCE6449D,0,1,1.5,4294967295,0,0
Block,256,144,8E842EBE,0,0.5,4,4294967295,0,0
Block,176,160,F0E87F89,0,1,1,4294967295,0,0
Block,176,192,C00EFF4D,0,1,1,4294967295,0,0
Block,256,64,AD653FF9,0,0.5,1.5,4294967295,0,0
Block,160,0,63AEC41B,0,1,1,4294967295,0,0
Block,128,128,B693C88A,0,0.5,1,4294967295,0,0
Block,128,96,7EFD3D0F,0,1,1,4294967295,0,0
Block,160,256,BEC28544,0,1,1,4294967295,0,0
Block,160,288,09AA2F25,0,1,1,4294967295,0,0
Block,160,320,02E19BC0,0,1,1,4294967295,0,0
Block,160,352,BF412BCB,0,1,1,4294967295,0,0
Block,80,160,F2CBEC64,0,1,1,4294967295,0,0
Block,80,192,E9D3C05D,0,1,1,4294967295,0,0
Block,144,256,BA8BF3CA,0,0.5,1,4294967295,0,0
Block,64,0,B4991A81,0,0.5,6,4294967295,0,0
Block,128,-16,4ECBCFA8,0,1,1,4294967295,0,0
Block,96,352,26FB0AEE,0,1,1,4294967295,0,0
Block,96,384,A6B8F96A,0,1,1,4294967295,0,0
Block,96,416,8AF26119,0,1,1,4294967295,0,0
Block,96,448,92E53516,0,1,1,4294967295,0,0
Block,144,448,3E7DE25F,0,1,1,4294967295,0,0
Block,144,384,598A568A,0,2,1,4294967295,0,0
Block,224,512,1722B5BD,0,1,1,4294967295,0,0
Block,224,544,7C031CCF,0,1,1,4294967295,0,0
Block,288,544,38520900,0,1,1,4294967295,0,0
Block,144,480,09E8CB1C,0,1,1,4294967295,0,0
Block,352,400,6C616F23,0,1,6.5,4294967295,0,0
Block,288,400,FF260FB8,0,1,1,4294967295,0,0
Block,320,400,CA950857,0,1,1,4294967295,0,0
VineRight,624,384,6D0D612C,0,1,1,4294967295,0,0
VineRight,448,320,5968EBD1,0,1,1,4294967295,0,0
VineRight,448,352,E887DA0D,0,1,1,4294967295,0,0
VineRight,176,160,64B86316,0,1,1,4294967295,0,0
VineRight,176,192,6A427557,0,1,1,4294967295,0,0
BetterJumpRefresher,576,560,2BFA94A3,0,1,1,4294967295,0,0
BetterJumpRefresher,672,400,0A7F6081,0,1,1,4294967295,0,0
BetterJumpRefresher,672,464,9FAB44FC,0,1,1,4294967295,0,0
PlayerStart,464,544,7E091465,0,1,1,4294967295,0,0
BetterJumpRefresher,384,304,685A87D8,0,1,1,4294967295,0,0
BetterJumpRefresher,240,336,BDB367E5,0,1,1,4294967295,0,0
BetterJumpRefresher,208,288,4CBF9663,0,1,1,4294967295,0,0
Cherry,240,400,2AA1C108,0,1,1,4294967295,0,0
BetterJumpRefresher,208,496,1280ED8A,0,1,1,4294967295,0,0
Cherry,208,432,02228025,0,1,1,4294967295,0,0
Warp,320,432,D4B42510,0,1,1,4294967295,0,0
Cherry,448,96,0A5AA780,0,1,1,4294967295,0,0
Cherry,496,304,A0DD40E7,0,1,1,4294967295,0,0
Water,624,480,F5A0BF4E,0,1,4,4294967295,0,0
Water,336,240,5F5E179A,0,1,1,4294967295,0,0
Water,368,240,A69ACF48,0,0.5,1,4294967295,0,0
Water,384,240,1F9C57CB,0,0.25,0.5,4294967295,0,0
Water,272,320,6752F7E2,0,1,1,4294967295,0,0
Water,288,352,A599A57C,0,0.5,1,4294967295,0,0
