SpikeRight,496,400,57A23D05,0,1,1,4294967295,0,0
SpikeRight,576,272,ADC57232,0,1,1,4294967295,0,0
SpikeRight,608,256,3EAE866E,0,1,1,4294967295,0,0
SpikeLeft,544,272,50D92240,0,1,1,4294967295,0,0
SpikeUp,576,336,C3AB1AEF,0,1,1,4294967295,0,0
SpikeUp,544,224,FC27F279,0,1,1,4294967295,0,0
SpikeUp,576,224,4EF3ACFD,0,1,1,4294967295,0,0
SpikeUp,560,192,23CBDC89,0,1,1,4294967295,0,0
SpikeRight,480,528,298548DB,0,1,1,4294967295,0,0
SpikeLeft,448,528,BD81EEEC,0,1,1,4294967295,0,0
SpikeRight,448,512,AA4E012F,0,1,1,4294967295,0,0
SpikeUp,512,560,9B702FE6,0,1,1,4294967295,0,0
SpikeUp,320,544,FF1FEB70,0,1,1,4294967295,0,0
SpikeRight,288,352,2C3027EF,0,1,1,4294967295,0,0
SpikeUp,352,352,76090FE5,0,1,1,4294967295,0,0
SpikeUp,384,352,6FE32307,0,1,1,4294967295,0,0
SpikeUp,256,320,13BD3F04,0,1,1,4294967295,0,0
SpikeUp,240,288,8D63B3C5,0,1,1,4294967295,0,0
SpikeUp,224,320,C505324E,0,1,1,4294967295,0,0
SpikeRight,384,480,CF22AB08,0,1,1,4294967295,0,0
SpikeLeft,400,272,82CC2742,0,1,1,4294967295,0,0
SpikeUp,464,240,9EF78142,0,1,1,4294967295,0,0
SpikeUp,416,176,AA2790DB,0,1,1,4294967295,0,0
SpikeDown,416,208,EA3756A5,0,1,1,4294967295,0,0
SpikeDown,416,96,4DC2A322,0,1,1,4294967295,0,0
SpikeDown,400,64,906026B1,0,1,1,4294967295,0,0
SpikeLeft,336,208,FF5F0B59,0,1,1,4294967295,0,0
SpikeRight,368,96,16254EE1,0,1,1,4294967295,0,0
SpikeRight,368,208,A5C81B95,0,1,1,4294967295,0,0
SpikeRight,336,112,1EEE1A21,0,1,1,4294967295,0,0
SpikeRight,336,80,302862C8,0,1,1,4294967295,0,0
SpikeUp,304,48,BA92791D,0,1,1,4294967295,0,0
SpikeLeft,272,80,54446980,0,1,1,4294967295,0,0
SpikeUp,400,16,0A60D5AD,0,1,1,4294967295,0,0
SpikeUp,432,16,6E740719,0,1,1,4294967295,0,0
SurfaceBlock,80,64,42224C59,0,1,1,4294967295,0,1
Block,64,544,37491360,0,1,1,4294967295,0,0
Block,64,576,5D872FF6,0,1,1,4294967295,0,0
Block,416,464,FD7439E4,0,1,1,4294967295,0,0
Block,416,496,869B14C0,0,1,1.5,4294967295,0,0
Block,544,400,4E46E2F4,0,1,1,4294967295,0,0
Block,544,432,3C2FDD96,0,1,1,4294967295,0,0
Block,544,368,2F32A0DD,0,1,1,4294967295,0,0
Block,464,400,734409CA,0,1,1,4294967295,0,0
Block,464,368,E1ECC9A4,0,1,1,4294967295,0,0
Block,464,336,51728F05,0,1,1,4294967295,0,0
Block,576,368,F63B1462,0,1,1,4294967295,0,0
Block,544,256,001EFE57,0,1,1,4294967295,0,0
Block,576,256,A9117A5A,0,1,1,4294967295,0,0
Block,416,576,BB528150,0,1,1,4294967295,0,0
Block,512,592,E4D78B4E,0,1,1,4294967295,0,0
Block,384,384,3DB0AF5D,0,1,1,4294967295,0,0
Block,384,416,ECAF7B88,0,1,0.5,4294967295,0,0
Block,384,464,F4FAB8EF,0,1,1,4294967295,0,0
Block,416,400,9E527894,0,1.5,1,4294967295,0,0
Block,320,576,0DE0813A,0,1,1,4294967295,0,0
Block,352,384,36C06027,0,1,0.5,4294967295,0,0
Block,256,352,AF552F22,0,1,1,4294967295,0,0
Block,256,384,595C5290,0,1,1,4294967295,0,0
Block,432,272,EBF38731,0,1,1,4294967295,0,0
Block,464,272,CB2F916F,0,1,1,4294967295,0,0
Block,464,304,F99292F3,0,1,1,4294967295,0,0
Block,224,352,DF1324EC,0,1,1,4294967295,0,0
Block,384,432,4FD18331,0,1,1,4294967295,0,0
Block,432,176,0BF159CE,0,1,1,4294967295,0,0
Block,432,208,58A8E278,0,1,1,4294967295,0,0
Block,432,240,81F0C888,0,1,1,4294967295,0,0
Block,432,144,198298D6,0,1,1,4294967295,0,0
Block,368,224,E69D98F0,0,1,0.5,4294967295,0,0
Block,432,112,8B1A96C8,0,1,1,4294967295,0,0
Block,432,80,73C64EDC,0,1,1,4294967295,0,0
Block,432,48,44F5E415,0,1,1,4294967295,0,0
Block,400,48,25DD65E9,0,1,0.5,4294967295,0,0
Block,256,176,359096C1,0,1,1,4294967295,0,0
Block,256,208,A788C2F0,0,1,1,4294967295,0,0
Block,304,80,17392B76,0,1,1,4294967295,0,0
Block,320,112,DD2B6F89,0,0.5,1,4294967295,0,0
IceVineRight,544,400,F8C33452,0,1,1,4294967295,0,0
IceVineRight,544,432,7B281A92,0,1,1,4294967295,0,0
IceVineRight,544,368,39C4E5AE,0,1,1,4294967295,0,0
MakerVineLeft,320,576,BE5AA270,0,1,1,4294967295,0,0
MakerVineRight,384,400,46E35265,0,1,1,4294967295,0,0
VineRight,432,136,C015E57C,0,1,1,4294967295,0,0
PlayerStart,416,432,3A17EBB6,0,1,1,4294967295,0,0
AlignIndicator,576,256,AF54E60F,0,-1,1,4294967295,0,0
SaveVeryHard,416,432,AC9F67A8,0,1,1,4294967295,0,0
Cherry,352,512,32FDC9DD,0,1,1,4294967295,0,0
SaveVeryHard,432,368,14EDD85E,0,1,1,4294967295,0,0
SaveVeryHard,416,544,B8786394,0,1,1,4294967295,0,0
VstringIndicator,368,208,4AEA541B,0,1,1,4294967295,0,0
Cherry,320,240,A2F85316,0,1,1,4294967295,0,0
PlatformExtended,416,304,469073C7,0,0.5,6,4294967295,0,0
Warp,256,144,069025CE,0,1,1,4294967295,0,0
WaterCatharsis,480,544,E2B62907,0,1,2,4294967295,0,0
WaterCatharsis,448,544,9D76D126,0,1,2,4294967295,0,0
WaterRefreshing,288,384,3722ECAB,0,2,0.5,4294967295,0,0
WaterCatharsis,352,400,DCBCA514,0,1,2,4294967295,0,0
WaterCry,400,64,EFB47168,0,1,7,4294967295,0,0
WaterCry,384,112,81347DEC,0,0.5,3.5,4294967295,0,0
