SpikeUp,272,512,4E4BE088,0,1,1,4294967295,0,0
SpikeRight,336,576,EFE85DAC,0,1,1,4294967295,0,0
SpikeDown,208,480,1CDC3449,0,1,1,4294967295,0,0
SpikeRight,256,448,3153E5C2,0,1,1,4294967295,0,0
SpikeUp,288,432,9F6364DA,0,1,1,4294967295,0,0
SpikeUp,208,448,CF8A4F93,0,1,1,4294967295,0,0
MiniSpikeUp,240,432,1644FBBC,0,1,1,4294967295,0,0
SpikeLeft,320,368,026AB1AF,0,1,1,4294967295,0,0
SpikeUp,352,336,F02CE28E,0,1,1,4294967295,0,0
SpikeRight,304,272,9DAEC4E3,0,1,1,4294967295,0,0
SpikeUp,240,240,5371168A,0,1,1,4294967295,0,0
SpikeUp,272,240,640E4E93,0,1,1,4294967295,0,0
SpikeUp,256,208,BE05FC67,0,1,1,4294967295,0,0
SpikeUp,448,304,6A0ADCA8,0,1,1,4294967295,0,0
SpikeUp,416,176,CB87DB30,0,1,1,4294967295,0,0
SpikeLeft,416,96,88460A98,0,1,1,4294967295,0,0
SpikeRight,448,208,7126C055,0,1,1,4294967295,0,0
SpikeUp,448,32,39F3C9C8,0,1,1,4294967295,0,0
SpikeRight,480,64,3B74769E,0,1,1,4294967295,0,0
SpikeRight,512,80,3F7BB7E9,0,1,1,4294967295,0,0
SpikeRight,480,96,3C561771,0,1,1,4294967295,0,0
SpikeUp,464,272,5A5C642A,0,1,1,4294967295,0,0
SpikeUp,480,304,20426DD3,0,1,1,4294967295,0,0
SpikeDown,448,400,1C9B7F88,0,1,1,4294967295,0,0
SpikeDown,480,464,01AB5C81,0,1,1,4294967295,0,0
SpikeUp,560,336,49C190B2,0,1,1,4294967295,0,0
SpikeRight,592,368,0B461F07,0,1,1,4294967295,0,0
SpikeUp,544,144,A1B5B4AD,0,1,1,4294967295,0,0
SpikeUp,576,208,1F084C25,0,1,1,4294967295,0,0
SpikeDown,576,272,4925346C,0,1,1,4294967295,0,0
SpikeDown,608,304,1F1E1C85,0,1,1,4294967295,0,0
SpikeUp,576,576,CC44D9CD,0,1,1,4294967295,0,0
SpikeRight,544,544,F5825A86,0,1,1,4294967295,0,0
SpikeUp,608,432,05FDFE60,0,1,1,4294967295,0,0
SpikeUp,512,512,F46FA59B,0,1,1,4294967295,0,0
SpikeLeft,480,544,0AC5D974,0,1,1,4294967295,0,0
MiniSpikeUp,160,400,983E023C,0,1,1,4294967295,0,0
MiniSpikeUp,176,400,2FFD1066,0,1,1,4294967295,0,0
SpikeUp,144,224,618C15AD,0,1,1,4294967295,0,0
SpikeUp,176,224,954F3E88,0,1,1,4294967295,0,0
SpikeUp,160,192,8D12D784,0,1,1,4294967295,0,0
SpikeRight,176,320,9B4E2403,0,1,1,4294967295,0,0
SpikeLeft,144,320,6A26CC34,0,1,1,4294967295,0,0
SurfaceBlock,80,304,2456E9B6,0,1,1,4294967295,0,1
Block,272,544,2E0D10A7,0,1,1,4294967295,0,0
Block,272,576,648C44DB,0,1,1,4294967295,0,0
Block,304,576,8388CB81,0,1,1,4294967295,0,0
Block,160,416,4390F9F5,0,1,1,4294967295,0,0
Block,160,448,9F5DC886,0,1,1,4294967295,0,0
Block,176,480,9BF52F5B,0,0.5,1,4294967295,0,0
Block,240,448,EA6AD2F2,0,0.5,1,4294967295,0,0
Block,240,480,76D213CA,0,0.5,1,4294967295,0,0
Block,240,304,870CA983,0,1,1,4294967295,0,0
Block,320,432,1C4268EE,0,1,1,4294967295,0,0
Block,320,400,E6434DA8,0,1,1,4294967295,0,0
Block,240,272,0D8A1D13,0,1,1,4294967295,0,0
Block,352,400,38901FAA,0,1,1,4294967295,0,0
Block,272,272,5EAF84C2,0,1,1,4294967295,0,0
Block,352,368,50B46F1A,0,1,1,4294967295,0,0
Block,448,336,53259F75,0,1,1,4294967295,0,0
Block,448,368,E72C9779,0,1,1,4294967295,0,0
Block,416,208,5C316D96,0,1,1,4294967295,0,0
Block,320,160,AE7DA8B9,0,1,1,4294967295,0,0
Block,352,160,6E02C043,0,1,1,4294967295,0,0
Block,448,96,1C0FD602,0,1,1,4294967295,0,0
Block,448,64,469E8805,0,1,1,4294967295,0,0
Block,480,336,C2859729,0,1,1,4294967295,0,0
Block,480,368,3FFD98CB,0,1,1,4294967295,0,0
Block,480,400,C15AB021,0,1,1,4294967295,0,0
Block,480,432,B06B6748,0,1,1,4294967295,0,0
Block,560,368,DD53B4C2,0,1,1,4294967295,0,0
Block,608,464,7B1DE401,0,1,1,4294967295,0,0
Block,544,176,176205F8,0,1,1,4294967295,0,0
Block,544,208,466F6E75,0,1,1,4294967295,0,0
Block,544,240,2C9B78FA,0,1,1,4294967295,0,0
Block,576,240,DF64DF16,0,1,1,4294967295,0,0
Block,608,240,96143BB6,0,1,1,4294967295,0,0
Block,608,272,02D9E843,0,1,1,4294967295,0,0
Block,608,496,2FAC2512,0,1,1,4294967295,0,0
Block,512,544,3A448348,0,1,1,4294967295,0,0
Block,176,256,24A12B7F,0,1,1,4294967295,0,0
Block,176,288,27568996,0,1,1.5,4294967295,0,0
Block,144,256,07BA60DA,0,1,1,4294967295,0,0
Block,144,288,A846D116,0,1,1,4294967295,0,0
Block,144,320,F53C072F,0,1,0.5,4294967295,0,0
Block,320,128,B6591915,0,1,1,4294967295,0,0
Block,320,96,7A623D55,0,1,1,4294967295,0,0
Block,320,64,2E3A7B8F,0,1,1,4294967295,0,0
Block,320,32,71C008DE,0,1,1,4294967295,0,0
Block,320,0,9FF36F66,0,1,1,4294967295,0,0
Block,352,192,5FC57514,0,1,1,4294967295,0,0
VineLeft,352,368,D8D106ED,0,1,1,4294967295,0,0
VineRight,608,496,5091F5DA,0,1,1,4294967295,0,0
VineRight,176,480,3BB29A15,0,1,1,4294967295,0,0
VineRight,160,448,D3089A74,0,1,1,4294967295,0,0
VineLeft,352,400,104F4C4D,0,1,1,4294967295,0,0
PlayerStart,304,544,04D6281C,0,1,1,4294967295,0,0
SaveVeryHard,304,544,00C338CF,0,1,1,4294967295,0,0
BetterJumpRefresher,160,528,B9263411,0,1,1,4294967295,0,0
Cherry,480,256,D42B82CB,0,1,1,4294967295,0,0
Cherry,544,384,2AAB8423,0,1,1,4294967295,0,0
Warp,512,576,66FF6912,0,1,1,4294967295,0,1
Cherry,496,592,CA2547C6,0,1,1,4294967295,0,0
VstringIndicator,560,368,CF21F47C,0,1,1,4294967295,0,0
PlatformExtended,448,240,2D70EB5B,0,0.5,2,4294967295,0,0
SaveVeryHard,352,128,D1044BE9,0,1,1,4294967295,0,0
AlignIndicator,352,160,13CD3155,0,1,1,4294967295,0,0
AlignIndicator,352,192,ECAD0BEE,0,1,1,4294967295,0,0
Cherry,368,448,7D8A2C1E,0,1,1,4294967295,0,0
Cherry,384,480,F8F5E2FE,0,1,1,4294967295,0,0
Cherry,400,512,28987435,0,1,1,4294967295,0,0
WaterCry,192,448,569AF37F,0,1.5,2,4294967295,0,0
WaterCry,368,336,7A651A6F,0,2.5,1,4294967295,0,0
WaterCry,384,368,3843F578,0,2,1,4294967295,0,0
WaterCatharsis,416,112,FF9A20CE,0,1,3,4294967295,0,0
WaterCatharsis,448,128,07CD16BD,0,1,3,4294967295,0,0
WaterCatharsis,544,560,EB856E90,0,1,1.5,4294967295,0,0
WaterCry,192,432,00E9B46E,0,1.75,0.5,4294967295,0,0
WaterCry,208,272,311A2254,0,1,1.5,4294967295,0,0
WaterCry,240,208,5C27A6BC,0,1,2,4294967295,0,0
WaterCatharsis,320,192,5FEE953C,0,0.5,3,4294967295,0,0
