SpikeRight,448,512,13606D9E,0,1,1,4294967295,0,0
SpikeRight,448,480,B1F90124,0,1,1,4294967295,0,0
SpikeRight,448,448,44D8A78D,0,1,1,4294967295,0,0
MiniSpikeDown,496,448,65365FF5,0,1,1,4294967295,0,0
MiniSpikeDown,496,528,995FD17B,0,1,1,4294967295,0,0
MiniSpikeUp,496,512,3F3F4C0A,0,1,1,4294967295,0,0
MiniSpikeLeft,480,432,1771C27C,0,1,1,4294967295,0,0
SpikeRight,528,384,1EBF17BE,0,1,1,4294967295,0,0
SpikeLeft,448,352,FC49F9B9,0,1,1,4294967295,0,0
SpikeLeft,448,320,BDAD7811,0,1,1,4294967295,0,0
SpikeLeft,416,336,EC068863,0,1,1,4294967295,0,0
SpikeRight,416,400,2BD4CD11,0,1,1,4294967295,0,0
SpikeLeft,464,240,1440AB54,0,1,1,4294967295,0,0
SpikeDown,528,464,57E4D8F5,0,1,1,4294967295,0,0
SpikeUp,528,496,CF185B99,0,1,1,4294967295,0,0
SpikeUp,384,176,190486BF,0,1,1,4294967295,0,0
SpikeUp,416,176,093D758A,0,1,1,4294967295,0,0
SpikeUp,496,208,3649CDBB,0,1,1,4294967295,0,0
SpikeLeft,512,144,943FE02B,0,1,1,4294967295,0,0
SpikeLeft,480,128,412E9D96,0,1,1,4294967295,0,0
SpikeUp,544,272,B49429CB,0,1,1,4294967295,0,0
SpikeUp,560,240,963FB037,0,1,1,4294967295,0,0
SpikeDown,608,240,AB416870,0,1,1,4294967295,0,0
SpikeDown,560,176,AEB604C1,0,1,1,4294967295,0,0
SpikeRight,560,96,556665D6,0,1,1,4294967295,0,0
SpikeRight,592,336,2B668E2D,0,1,1,4294967295,0,0
SpikeLeft,560,320,C984DF2B,0,1,1,4294967295,0,0
SpikeLeft,624,336,60F8D683,0,1,1,4294967295,0,0
SpikeUp,688,208,7423ED80,0,1,1,4294967295,0,0
SpikeDown,672,208,9DE0AC53,0,1,1,4294967295,0,0
SpikeUp,608,112,D1AD32AE,0,1,1,4294967295,0,0
SpikeDown,656,80,1B64C952,0,1,1,4294967295,0,0
SpikeUp,736,160,D9E3041B,0,1,1,4294967295,0,0
SpikeDown,736,352,175B8E19,0,1,1,4294967295,0,0
SpikeUp,656,0,1F7D0011,0,1,1,4294967295,0,0
SpikeUp,688,0,7CC5826C,0,1,1,4294967295,0,0
SpikeDown,688,80,0BB07E54,0,1,1,4294967295,0,0
SpikeDown,768,96,7403E350,0,1,1,4294967295,0,0
SpikeUp,720,384,19076B68,0,1,1,4294967295,0,0
SpikeUp,688,416,2F3A84E1,0,1,1,4294967295,0,0
SpikeUp,656,416,FE347496,0,1,1,4294967295,0,0
SpikeDown,624,384,E1DB3FFE,0,1,1,4294967295,0,0
SpikeUp,768,0,C58DD8CE,0,1,1,4294967295,0,0
SpikeLeft,480,64,6AE4731C,0,1,1,4294967295,0,0
SpikeLeft,480,0,891DDF51,0,1,1,4294967295,0,0
SpikeRight,432,64,73618C05,0,1,1,4294967295,0,0
SpikeUp,320,112,0A9177B3,0,1,1,4294967295,0,0
SpikeUp,288,112,5CD51809,0,1,1,4294967295,0,0
SpikeLeft,256,0,E637B25C,0,1,1,4294967295,0,0
SpikeUp,224,32,2DBE35C5,0,1,1,4294967295,0,0
SpikeUp,176,144,CF0415C9,0,1,1,4294967295,0,0
SpikeUp,272,144,456D3F2D,0,1,1,4294967295,0,0
SpikeLeft,192,80,52A4CB3C,0,1,1,4294967295,0,0
SpikeRight,256,80,B63AD91E,0,1,1,4294967295,0,0
SpikeRight,160,128,25455140,0,1,1,4294967295,0,0
SpikeDown,128,176,E592E98A,0,1,1,4294967295,0,0
SpikeRight,96,208,BB8EEF93,0,1,1,4294967295,0,0
SpikeUp,144,256,86BF379B,0,1,1,4294967295,0,0
SpikeLeft,80,112,63E2EA34,0,1,1,4294967295,0,0
SpikeLeft,96,288,B5B54F09,0,1,1,4294967295,0,0
SpikeUp,64,176,9EB01A77,0,1,1,4294967295,0,0
SpikeUp,32,176,B625BBDC,0,1,1,4294967295,0,0
SpikeUp,0,112,9F636D34,0,1,1,4294967295,0,0
SpikeRight,48,48,5D0E2EEB,0,1,1,4294967295,0,0
SpikeDown,144,288,33DC9698,0,1,1,4294967295,0,0
SpikeDown,128,48,AA1D49A6,0,1,1,4294967295,0,0
SpikeUp,128,16,812F5155,0,1,1,4294967295,0,0
SpikeRight,64,224,258DB109,0,1,1,4294967295,0,0
SpikeLeft,160,208,F399B52E,0,1,1,4294967295,0,0
SpikeUp,208,208,337F9A84,0,1,1,4294967295,0,0
SpikeUp,240,208,8135DAD0,0,1,1,4294967295,0,0
SpikeLeft,32,224,E575C732,0,1,1,4294967295,0,0
SpikeUp,48,336,9C177770,0,1,1,4294967295,0,0
SpikeRight,128,336,1BCE9476,0,1,1,4294967295,0,0
SpikeLeft,128,400,DAFF57F6,0,1,1,4294967295,0,0
SpikeUp,96,448,6639D9C1,0,1,1,4294967295,0,0
SaveVeryHard,416,544,02EE8727,0,1,1,4294967295,0,0
Block,416,576,9CBEB943,0,1,1,4294967295,0,0
Block,416,512,62FD8B58,0,1,1,4294967295,0,0
Block,416,480,A741FA28,0,1,1,4294967295,0,0
Block,416,448,BBEE895A,0,1,1,4294967295,0,0
Block,416,416,A93B07CC,0,1,1,4294967295,0,0
Block,496,432,929B997A,0,0.5,0.5,4294967295,0,0
Block,496,384,1788083E,0,1,1,4294967295,0,0
Block,496,304,6068C59D,0,1,1,4294967295,0,0
Block,528,304,5AED555C,0,1,1,4294967295,0,0
Block,560,304,8B24E7B0,0,1,1,4294967295,0,0
Block,496,272,1809E2C5,0,1,1,4294967295,0,0
Block,496,240,B1B89927,0,1,1,4294967295,0,0
Block,416,208,232A89DA,0,1,1,4294967295,0,0
Block,384,208,A2FD2441,0,1,1,4294967295,0,0
Block,384,240,B246DC91,0,1,1,4294967295,0,0
Block,528,528,9CB3E473,0,1,1,4294967295,0,0
Block,528,560,95E56F29,0,1,1,4294967295,0,0
Block,528,592,E4AFEB72,0,1,1,4294967295,0,0
Block,512,128,9259DA7F,0,1,1,4294967295,0,0
Block,512,96,FAD2ACFD,0,1,1,4294967295,0,0
Block,560,272,9453330B,0,1,1,4294967295,0,0
Block,608,208,6ED25CC5,0,1,1,4294967295,0,0
Block,608,176,04B6F6A2,0,1,1,4294967295,0,0
Block,560,112,DBC1F45F,0,1,1,4294967295,0,0
Block,560,144,7B6DA4F8,0,1,1,4294967295,0,0
Block,592,352,7D467042,0,1,1,4294967295,0,0
Block,592,384,9AC22CAC,0,1,1,4294967295,0,0
Block,624,352,8B3E84E5,0,1,1,4294967295,0,0
Block,688,240,C7CA2FE4,0,1,1,4294967295,0,0
Block,688,272,EA8ECA11,0,1,1,4294967295,0,0
Block,672,112,B6168247,0,1,1,4294967295,0,0
Block,608,144,D0A5DC19,0,1,1,4294967295,0,0
Block,672,80,F821B4C0,0,1,1,4294967295,0,0
Block,736,192,ADCCEFD7,0,1,1,4294967295,0,0
Block,736,224,A4A4443D,0,1,1,4294967295,0,0
Block,736,256,F966419B,0,1,1,4294967295,0,0
Block,736,288,3EDC1784,0,1,1,4294967295,0,0
Block,736,320,99FF4C22,0,1,1,4294967295,0,0
Block,672,0,E1AEE47F,0,1,1,4294967295,0,0
Block,768,32,D4CC9627,0,1,1,4294967295,0,0
Block,768,64,B99D0285,0,1,1,4294967295,0,0
Block,656,448,CE54CAE0,0,1,1,4294967295,0,0
Block,688,448,783EDA05,0,1,1,4294967295,0,0
Block,720,448,95865C14,0,1,1,4294967295,0,0
Block,720,416,F7494411,0,1,1,4294967295,0,0
Block,512,64,26EB6584,0,1,1,4294967295,0,0
Block,512,0,72C656F1,0,1,1,4294967295,0,0
Block,400,64,48D15668,0,1,1,4294967295,0,0
Block,400,32,D5B4CE18,0,1,1,4294967295,0,0
Block,400,0,82C38C88,0,1,1,4294967295,0,0
Block,352,144,52F51867,0,1,1,4294967295,0,0
Block,352,176,077F530B,0,1,1,4294967295,0,0
Block,352,208,1A6487B1,0,1,1,4294967295,0,0
Block,352,240,60525756,0,1,1,4294967295,0,0
Block,288,144,0CCC9F26,0,1,1,4294967295,0,0
Block,320,144,874AF7C5,0,1,1,4294967295,0,0
Block,224,64,090EE6A8,0,1,1,4294967295,0,0
Block,224,96,6BC39EAF,0,1,1,4294967295,0,0
Block,160,144,4A60FFA6,0,1,1,4294967295,0,0
Block,288,16,65DBA1D8,0,1,1,4294967295,0,0
Block,288,-16,1891DE82,0,1,1,4294967295,0,0
Block,128,112,011C4CDE,0,1,1,4294967295,0,0
Block,128,144,8B7B5812,0,1,1,4294967295,0,0
Block,160,224,B6F34075,0,1,1,4294967295,0,0
Block,160,256,9C7EF582,0,1,1,4294967295,0,0
Block,0,208,AA386355,0,1,1,4294967295,0,0
Block,32,208,0CD49866,0,1,1,4294967295,0,0
Block,64,208,ADF5097D,0,1,1,4294967295,0,0
Block,0,144,6072E424,0,1,1,4294967295,0,0
Block,0,176,731BB43C,0,1,1,4294967295,0,0
Block,48,32,170CFC75,0,1,1,4294967295,0,0
Block,48,0,83E55318,0,1,1,4294967295,0,0
Block,160,288,8BBB4767,0,1,1,4294967295,0,0
Block,96,304,D76EE846,0,1,1,4294967295,0,0
Block,96,336,5E47B67D,0,1,1,4294967295,0,0
Block,208,240,D31EA9B3,0,1,1,4294967295,0,0
Block,240,240,FB1F2609,0,1,1,4294967295,0,0
Block,32,336,6CC88E6B,0,1,1,4294967295,0,0
Block,128,416,EAD6FDE2,0,1,1,4294967295,0,0
Block,128,448,E3660927,0,1,1,4294967295,0,0
Block,128,480,6DA3D630,0,1,1,4294967295,0,0
Block,96,480,20AAC93B,0,1,1,4294967295,0,0
Block,160,400,FDE461EC,0,1,1,4294967295,0,0
Block,352,272,FD09837F,0,1,1,4294967295,0,0
Block,352,304,AFB98311,0,1,1,4294967295,0,0
Block,352,336,89C049F2,0,1,1,4294967295,0,0
Block,352,368,01918E22,0,1,1,4294967295,0,0
Block,352,400,CCD13F3A,0,1,1,4294967295,0,0
VineRight,672,112,21435158,0,1,1,4294967295,0,0
VineLeft,688,272,42F29BBB,0,1,1,4294967295,0,0
VineLeft,688,240,149FC173,0,1,1,4294967295,0,0
PlayerStart,416,544,82F2086C,0,1,1,4294967295,0,0
Cherry,768,144,6A7D36A0,0,1,1,4294967295,0,0
Cherry,80,96,76668413,0,1,1,4294967295,0,0
Cherry,16,352,C994A8B1,0,1,1,4294967295,0,0
Cherry,272,192,54718B5C,0,1,1,4294967295,0,0
Cherry,208,192,252796A4,0,1,1,4294967295,0,0
Warp,192,272,E0B9567E,0,1,1,4294967295,0,0
WaterDream,496,448,45CFEFD7,0,0.5,5,4294967295,0,0
WaterDream,528,400,F7DBCA8A,0,1,2,4294967295,0,0
WaterDream,528,336,263E01DF,0,1,2,4294967295,0,0
WaterDream,496,336,C2C26E31,0,1,1.5,4294967295,0,0
WaterDream,416,240,E69792F1,0,2.5,0.5,4294967295,0,0
WaterDream,576,240,6FAFBC91,0,1.5,1,4294967295,0,0
WaterDream,624,240,61899A3F,0,0.5,3.5,4294967295,0,0
WaterDream,672,144,C4957FF9,0,1,2,4294967295,0,0
WaterDream,656,32,93A24173,0,2,1.5,4294967295,0,0
WaterDream,480,16,83B36214,0,1,2,4294967295,0,0
WaterDream,512,32,74A0702C,0,1,1,4294967295,0,0
WaterDream,192,144,75988EF6,0,3,0.5,4294967295,0,0
WaterDream,128,80,A5922D14,0,1,1,4294967295,0,0
WaterDream,96,224,875063CC,0,1,2.5,4294967295,0,0
WaterDream,128,48,935C58E4,0,1,1,4294967295,0,0
WaterDream,64,240,8553484E,0,1,3,4294967295,0,0
WaterDream,32,240,E51CE697,0,1,3,4294967295,0,0
WaterDream,128,352,DAC4E56E,0,1,2,4294967295,0,0
WaterDream,160,320,D09ECDA3,0,1,2.5,4294967295,0,0
