SpikeDown,688,128,539C0005,0,1,1,4294967295,0,0
SpikeDown,64,192,A09AC7E5,0,1,1,4294967295,0,0
SpikeLeft,32,160,35EB9CA4,0,1,1,4294967295,0,0
SpikeLeft,64,256,38E585A3,0,1,1,4294967295,0,0
SpikeLeft,128,288,23698511,0,1,1,4294967295,0,0
SpikeLeft,128,320,80638C55,0,1,1,4294967295,0,0
SpikeLeft,128,480,30AE7A3B,0,1,1,4294967295,0,0
SpikeDown,288,384,A7950EC6,0,1,1,4294967295,0,0
SpikeDown,416,448,61D072D9,0,1,1,4294967295,0,0
SpikeLeft,384,416,717E8932,0,1,1,4294967295,0,0
SpikeLeft,480,416,08622F91,0,1,1,4294967295,0,0
SpikeDown,512,448,B23A1BCE,0,1,1,4294967295,0,0
SpikeDown,544,448,F4D4FD22,0,1,1,4294967295,0,0
SpikeLeft,608,384,89BAB453,0,1,1,4294967295,0,0
SpikeDown,512,256,CF5C2158,0,1,1,4294967295,0,0
SpikeLeft,544,288,1F7858F0,0,1,1,4294967295,0,0
SpikeLeft,704,192,215C4983,0,1,1,4294967295,0,0
SpikeDown,576,128,4B3F27D9,0,1,1,4294967295,0,0
SpikeDown,544,128,A87EEC91,0,1,1,4294967295,0,0
SpikeDown,608,32,B980B4D7,0,1,1,4294967295,0,0
SpikeDown,384,32,5CE34630,0,1,1,4294967295,0,0
SpikeDown,352,32,D09D2E10,0,1,1,4294967295,0,0
SpikeDown,320,32,BE80480A,0,1,1,4294967295,0,0
SpikeDown,288,32,3DDC40E3,0,1,1,4294967295,0,0
SpikeDown,256,32,E314A9E9,0,1,1,4294967295,0,0
SpikeDown,224,32,A5B01258,0,1,1,4294967295,0,0
SpikeDown,192,32,F93B12F0,0,1,1,4294967295,0,0
SpikeDown,128,32,703179DD,0,1,1,4294967295,0,0
SpikeDown,96,32,F21C9000,0,1,1,4294967295,0,0
SpikeRight,608,96,ABBFB0F8,0,1,1,4294967295,0,0
SpikeRight,704,64,50FA915F,0,1,1,4294967295,0,0
SpikeRight,672,192,F7BDBF43,0,1,1,4294967295,0,0
SpikeRight,608,416,EE0E2362,0,1,1,4294967295,0,0
SpikeRight,352,352,3738E39D,0,1,1,4294967295,0,0
SpikeRight,96,384,7FCAB208,0,1,1,4294967295,0,0
SpikeRight,64,320,CCFB1E7D,0,1,1,4294967295,0,0
SpikeRight,64,352,3406A7AA,0,1,1,4294967295,0,0
SpikeRight,32,416,82AE2F7C,0,1,1,4294967295,0,0
SpikeRight,32,448,683B73F7,0,1,1,4294967295,0,0
SpikeRight,32,480,BCA8BB6B,0,1,1,4294967295,0,0
SpikeRight,32,512,ED4E48D9,0,1,1,4294967295,0,0
SpikeRight,32,544,03B484E8,0,1,1,4294967295,0,0
SpikeUp,320,448,842E0002,0,1,1,4294967295,0,0
SpikeUp,576,384,DAAC37C6,0,1,1,4294967295,0,0
SpikeUp,544,384,178E42E9,0,1,1,4294967295,0,0
SpikeUp,576,64,3FF24AF8,0,1,1,4294967295,0,0
SpikeUp,640,160,FDEACA2E,0,1,1,4294967295,0,0
SpikeUp,704,256,2D816BD5,0,1,1,4294967295,0,0
SpikeUp,672,256,F6AF5290,0,1,1,4294967295,0,0
SpikeUp,576,256,D71E7050,0,1,1,4294967295,0,0
SpikeUp,512,352,8E423388,0,1,1,4294967295,0,0
SpikeUp,480,352,AA63C56E,0,1,1,4294967295,0,0
SpikeUp,448,352,26B544CB,0,1,1,4294967295,0,0
SpikeUp,288,288,9A718E8F,0,1,1,4294967295,0,0
SpikeUp,256,288,58521B35,0,1,1,4294967295,0,0
SpikeUp,320,160,32609FC4,0,1,1,4294967295,0,0
SpikeUp,96,224,C55D367D,0,1,1,4294967295,0,0
SpikeUp,192,544,2357F446,0,1,1,4294967295,0,0
SpikeUp,224,544,D181539D,0,1,1,4294967295,0,0
SpikeUp,256,544,D296C8FB,0,1,1,4294967295,0,0
SpikeUp,288,544,663F85BD,0,1,1,4294967295,0,0
SpikeUp,352,544,18DCAB21,0,1,1,4294967295,0,0
SpikeUp,384,512,419F2DD2,0,1,1,4294967295,0,0
SpikeUp,448,480,338AE972,0,1,1,4294967295,0,0
SpikeRight,480,544,119D9F8B,0,1,1,4294967295,0,0
SpikeRight,480,512,1ED0733C,0,1,1,4294967295,0,0
SpikeUp,544,544,F687DA78,0,1,1,4294967295,0,0
SpikeUp,576,544,4AF05368,0,1,1,4294967295,0,0
SpikeUp,608,480,31E2213D,0,1,1,4294967295,0,0
object150,96,160,62B2C4A8,0,1,1,4294967295,0,0
object151,128,128,06925804,0,1,1,4294967295,0,0
SaveVeryHard,704,544,48648C6D,0,1,1,4294967295,0,0
Block,96,448,8425C510,0,1,1,4294967295,0,0
Block,160,480,E1CFECEC,0,1,1,4294967295,0,0
Block,160,448,BA3E2E7A,0,1,1,4294967295,0,0
Block,160,416,C6E619FD,0,1,1,4294967295,0,0
Block,160,384,F65FA217,0,1,1,4294967295,0,0
Block,160,352,991736B1,0,1,1,4294967295,0,0
Block,160,320,208E1CE3,0,1,1,4294967295,0,0
Block,160,288,23D9962E,0,1,1,4294967295,0,0
Block,672,64,DBB414E6,0,1,1,4294967295,0,0
Block,704,96,B7699A90,0,1,1,4294967295,0,0
Block,672,96,660B879D,0,1,1,4294967295,0,0
Block,640,96,1216D637,0,1,1,4294967295,0,0
Block,640,192,79AD8CF1,0,1,1,4294967295,0,0
Block,608,192,BA384B28,0,1,1,4294967295,0,0
Block,576,192,E393AFEF,0,1,1,4294967295,0,0
Block,576,96,FE8368A7,0,1,1,4294967295,0,0
Block,544,96,3F25343C,0,1,1,4294967295,0,0
Block,512,96,44229B3E,0,1,1,4294967295,0,0
Block,512,128,5AD650E0,0,1,1,4294967295,0,0
Block,512,160,692E0B02,0,1,1,4294967295,0,0
Block,512,192,5A082E38,0,1,1,4294967295,0,0
Block,512,224,AD412EAE,0,1,1,4294967295,0,0
Block,704,288,2A761B23,0,1,1,4294967295,0,0
Block,672,288,B7729FF4,0,1,1,4294967295,0,0
Block,640,288,2526F514,0,1,1,4294967295,0,0
Block,608,288,70E8A77A,0,1,1,4294967295,0,0
Block,576,288,EDC73ACB,0,1,1,4294967295,0,0
Block,576,416,7243334C,0,1,1,4294967295,0,0
Block,544,416,C3E00A8D,0,1,1,4294967295,0,0
Block,512,416,DBC31AA9,0,1,1,4294967295,0,0
Block,416,416,DB009279,0,1,1,4294967295,0,0
Block,512,384,D8BE37C3,0,1,1,4294967295,0,0
Block,480,384,57BB5AD0,0,1,1,4294967295,0,0
Block,448,384,63F9BA5B,0,1,1,4294967295,0,0
Block,416,384,893AFCAB,0,1,1,4294967295,0,0
Block,320,192,391D2A46,0,1,1,4294967295,0,0
Block,320,224,0FDCC8C6,0,1,1,4294967295,0,0
Block,320,256,10BDDDA4,0,1,1,4294967295,0,0
Block,320,288,1520BB20,0,1,1,4294967295,0,0
Block,320,320,CC32BED8,0,1,1,4294967295,0,0
Block,320,352,D34BBDD8,0,1,1,4294967295,0,0
Block,288,352,7DBB06DF,0,1,1,4294967295,0,0
Block,288,320,0CA0CC61,0,1,1,4294967295,0,0
Block,256,320,DC49E274,0,1,1,4294967295,0,0
Block,256,352,BCD45FFC,0,1,1,4294967295,0,0
Block,256,384,5CF70B5D,0,1,1,4294967295,0,0
Block,256,416,5829138A,0,1,1,4294967295,0,0
Block,256,448,578CB85A,0,1,1,4294967295,0,0
Block,256,480,CB4389D7,0,1,1,4294967295,0,0
Block,288,480,40D4FF75,0,1,1,4294967295,0,0
Block,320,480,6B0D0A12,0,1,1,4294967295,0,0
Block,320,512,BFD9A091,0,1,1,4294967295,0,0
Block,320,544,C016EF9D,0,1,1,4294967295,0,0
Block,384,544,F3FAE8C5,0,1,1,4294967295,0,0
Block,416,544,4871C65E,0,1,1,4294967295,0,0
Block,448,544,BD3E2D84,0,1,1,4294967295,0,0
Block,448,512,A590BEEF,0,1,1,4294967295,0,0
Block,608,544,B2504DD1,0,1,1,4294967295,0,0
Block,608,512,0B7A4505,0,1,1,4294967295,0,0
Block,640,384,9A01FF88,0,1,1,4294967295,0,0
Block,672,384,31E3E93B,0,1,1,4294967295,0,0
Block,704,384,5E44B153,0,1,1,4294967295,0,0
Block,736,384,BED20987,0,1,1,4294967295,0,0
Block,768,448,26111805,0,1,1,4294967295,0,0
Block,768,416,39263F41,0,1,1,4294967295,0,0
Block,768,384,FC60FCEC,0,1,1,4294967295,0,0
Block,768,352,574352B7,0,1,1,4294967295,0,0
Block,768,320,767AAA8B,0,1,1,4294967295,0,0
Block,768,288,5C01F4AB,0,1,1,4294967295,0,0
Block,768,256,48B71362,0,1,1,4294967295,0,0
Block,768,224,E83A4334,0,1,1,4294967295,0,0
Block,736,192,227FF9A0,0,1,1,4294967295,0,0
Block,768,32,674E5665,0,1,1,4294967295,0,0
Block,768,64,5E773EB1,0,1,1,4294967295,0,0
Block,768,192,3F086B0A,0,1,1,4294967295,0,0
Block,768,160,64C1A510,0,1,1,4294967295,0,0
Block,768,128,D0691927,0,1,1,4294967295,0,0
Block,768,96,B258C1DE,0,1,1,4294967295,0,0
Block,768,0,26ED4EE6,0,1,1,4294967295,0,0
Block,736,0,AF87738C,0,1,1,4294967295,0,0
Block,704,0,6F91AD18,0,1,1,4294967295,0,0
Block,672,0,7A3D66C1,0,1,1,4294967295,0,0
Block,640,0,93ADDC01,0,1,1,4294967295,0,0
Block,608,0,E71644EE,0,1,1,4294967295,0,0
Block,576,0,9218570D,0,1,1,4294967295,0,0
Block,544,0,0172E2AA,0,1,1,4294967295,0,0
Block,512,0,4C4F0A34,0,1,1,4294967295,0,0
Block,480,0,950B6DF5,0,1,1,4294967295,0,0
Block,448,0,C7D00549,0,1,1,4294967295,0,0
Block,416,0,469E5DA0,0,1,1,4294967295,0,0
Block,384,0,DD4B37E6,0,1,1,4294967295,0,0
Block,352,0,A68F11E5,0,1,1,4294967295,0,0
Block,320,0,989F4FDD,0,1,1,4294967295,0,0
Block,288,0,9CA2DF1D,0,1,1,4294967295,0,0
Block,256,0,031CC92A,0,1,1,4294967295,0,0
Block,224,0,6CD3F499,0,1,1,4294967295,0,0
Block,192,0,390E623A,0,1,1,4294967295,0,0
Block,96,0,DCDAE055,0,1,1,4294967295,0,0
Block,128,0,752F7054,0,1,1,4294967295,0,0
Block,160,0,9DB4C953,0,1,1,4294967295,0,0
Block,160,32,3E85778E,0,1,1,4294967295,0,0
Block,160,64,40CA28B0,0,1,1,4294967295,0,0
Block,160,96,A863F3C6,0,1,1,4294967295,0,0
Block,160,128,8229863B,0,1,1,4294967295,0,0
Block,160,160,B4722C65,0,1,1,4294967295,0,0
Block,160,192,9A645FDE,0,1,1,4294967295,0,0
Block,160,224,3CE9912D,0,1,1,4294967295,0,0
Block,160,256,E9625FA0,0,1,1,4294967295,0,0
Block,128,256,05E2E92A,0,1,1,4294967295,0,0
Block,96,256,FDE19F52,0,1,1,4294967295,0,0
Block,64,384,8C6452A9,0,1,1,4294967295,0,0
Block,32,384,E73CB8F4,0,1,1,4294967295,0,0
Block,32,352,68B7DF95,0,1,1,4294967295,0,0
Block,32,320,12E52FB9,0,1,1,4294967295,0,0
Block,64,160,137C0646,0,1,1,4294967295,0,0
Block,64,128,108B2693,0,1,1,4294967295,0,0
Block,32,128,FFC4B42D,0,1,1,4294967295,0,0
Block,32,96,075F59E4,0,1,1,4294967295,0,0
Block,0,0,5488F67C,0,1,1,4294967295,0,0
Block,0,32,81BF7F1D,0,1,1,4294967295,0,0
Block,0,64,DB9E2AD9,0,1,1,4294967295,0,0
Block,0,96,4B59E89C,0,1,1,4294967295,0,0
Block,0,128,81D25126,0,1,1,4294967295,0,0
Block,0,160,C773B919,0,1,1,4294967295,0,0
Block,0,192,159C692A,0,1,1,4294967295,0,0
Block,0,224,D694B3BD,0,1,1,4294967295,0,0
Block,0,256,F7870008,0,1,1,4294967295,0,0
Block,0,288,B899F946,0,1,1,4294967295,0,0
Block,0,320,B7194244,0,1,1,4294967295,0,0
Block,0,352,30FEB64E,0,1,1,4294967295,0,0
Block,0,384,E176763A,0,1,1,4294967295,0,0
Block,0,416,EB92A665,0,1,1,4294967295,0,0
Block,0,448,B31F8EE6,0,1,1,4294967295,0,0
Block,0,480,47903A47,0,1,1,4294967295,0,0
Block,0,512,9461FA9D,0,1,1,4294967295,0,0
Block,0,544,1CF57542,0,1,1,4294967295,0,0
Block,128,576,FA8F6F7F,0,1,1,4294967295,0,0
Block,96,576,5D2AAAFB,0,1,1,4294967295,0,0
Block,64,576,22EA7E63,0,1,1,4294967295,0,0
Block,0,576,AAC62DEB,0,1,1,4294967295,0,0
Block,32,576,78180EAB,0,1,1,4294967295,0,0
Block,544,576,4A69C170,0,1,1,4294967295,0,0
Block,512,576,9B589C9C,0,1,1,4294967295,0,0
Block,480,576,6C32C548,0,1,1,4294967295,0,0
Block,448,576,E56C2D15,0,1,1,4294967295,0,0
Block,416,576,47944914,0,1,1,4294967295,0,0
Block,384,576,2701B7A6,0,1,1,4294967295,0,0
Block,352,576,88F07564,0,1,1,4294967295,0,0
Block,320,576,27D236C6,0,1,1,4294967295,0,0
Block,288,576,134A6E3A,0,1,1,4294967295,0,0
Block,256,576,BFE1D7BD,0,1,1,4294967295,0,0
Block,160,576,BDF2A383,0,1,1,4294967295,0,0
Block,192,576,EF804B46,0,1,1,4294967295,0,0
Block,224,576,E1474B4D,0,1,1,4294967295,0,0
Block,576,576,46E4C15B,0,1,1,4294967295,0,0
Block,608,576,2C74F6DE,0,1,1,4294967295,0,0
Block,640,576,E9A057C9,0,1,1,4294967295,0,0
Block,672,576,4AD06CCC,0,1,1,4294967295,0,0
Block,704,576,CBB90ED9,0,1,1,4294967295,0,0
Block,736,576,6A0C48A3,0,1,1,4294967295,0,0
Block,768,576,C00EEE25,0,1,1,4294967295,0,0
BlockInvisible,544,256,DEAB558E,0,1,1,4294967295,0,1
PlayerStart,768,544,0AFF910F,0,1,1,4294967295,0,0
objSprinkler,384,544,5E8155C9,0,2,2,4294967295,0,0
