SpikeUp,0,384,0679D686,0,1,1,4294967295,0,0
SpikeLeft,96,368,1EB6642D,0,1,1,4294967295,0,0
SpikeLeft,128,400,DC6D1068,0,1,1,4294967295,0,0
SpikeRight,96,464,E2D0B419,0,1,1,4294967295,0,0
SpikeRight,128,496,42C8F7C1,0,1,1,4294967295,0,0
SpikeUp,64,320,A9AAEF52,0,1,1,4294967295,0,0
SpikeUp,96,320,E986099E,0,1,1,4294967295,0,0
SpikeUp,128,320,8EC207FA,0,1,1,4294967295,0,0
SpikeLeft,144,240,973B18F4,0,1,1,4294967295,0,0
SpikeUp,144,192,B862F50A,0,1,1,4294967295,0,0
SpikeRight,144,112,001066CB,0,1,1,4294967295,0,0
SpikeRight,112,128,C47C9A60,0,1,1,4294967295,0,0
SpikeRight,112,96,BF430110,0,1,1,4294967295,0,0
SpikeRight,32,32,92A2F6F6,0,1,1,4294967295,0,0
SpikeRight,0,48,0C05C2DE,0,1,1,4294967295,0,0
SpikeRight,0,16,D0BA037D,0,1,1,4294967295,0,0
SpikeUp,224,272,D02E7E8F,0,1,1,4294967295,0,0
SpikeRight,256,304,B9C40B28,0,1,1,4294967295,0,0
SpikeUp,224,32,2CB7B4DB,0,1,1,4294967295,0,0
SpikeLeft,288,0,2B548995,0,1,1,4294967295,0,0
SpikeUp,288,160,D6A0EFCB,0,1,1,4294967295,0,0
SpikeDown,368,208,C6BBC62A,0,1,1,4294967295,0,0
SpikeDown,400,208,92AEF3BC,0,1,1,4294967295,0,0
SpikeRight,336,240,70D0E62C,0,1,1,4294967295,0,0
SpikeRight,384,32,273AA0AA,0,1,1,4294967295,0,0
SpikeRight,352,64,211D87DF,0,1,1,4294967295,0,0
SpikeUp,400,112,4FF7D877,0,1,1,4294967295,0,0
SpikeDown,464,176,914678CB,0,1,1,4294967295,0,0
SpikeUp,464,256,54DD7A9B,0,1,1,4294967295,0,0
SpikeUp,496,256,7A6770E5,0,1,1,4294967295,0,0
SpikeLeft,432,80,6583F8E3,0,1,1,4294967295,0,0
SpikeUp,560,160,032EF0FB,0,1,1,4294967295,0,0
SpikeDown,592,112,FA9E9D37,0,1,1,4294967295,0,0
SpikeUp,624,160,BB874A00,0,1,1,4294967295,0,0
SpikeRight,656,112,E60365DB,0,1,1,4294967295,0,0
SpikeLeft,688,64,3F5B0658,0,1,1,4294967295,0,0
SpikeUp,704,160,7434D2CE,0,1,1,4294967295,0,0
SpikeUp,736,128,62E45845,0,1,1,4294967295,0,0
SpikeUp,688,256,CB8CEE1F,0,1,1,4294967295,0,0
SpikeDown,688,336,E52EBF90,0,1,1,4294967295,0,0
SpikeUp,624,240,5FF8C2C5,0,1,1,4294967295,0,0
SpikeUp,528,432,3AECDA2B,0,1,1,4294967295,0,0
SpikeDown,624,368,0E9D34A7,0,1,1,4294967295,0,0
SpikeLeft,592,336,66002125,0,1,1,4294967295,0,0
SpikeRight,496,384,E891DE65,0,1,1,4294967295,0,0
SpikeLeft,560,320,E55317EC,0,1,1,4294967295,0,0
SpikeLeft,592,304,DEBC5822,0,1,1,4294967295,0,0
SpikeDown,464,416,81932481,0,1,1,4294967295,0,0
SpikeUp,432,464,4516D73D,0,1,1,4294967295,0,0
SpikeLeft,432,384,C19E3CA7,0,1,1,4294967295,0,0
SpikeLeft,720,320,17729164,0,1,1,4294967295,0,0
SpikeUp,768,128,8EB45F51,0,1,1,4294967295,0,0
MiniSpikeLeft,624,440,CF725BDD,0,1,1,4294967295,0,0
MiniSpikeRight,640,440,47C06E8C,0,1,1,4294967295,0,0
SaveVeryHard,32,448,A930066B,0,1,1,4294967295,0,0
Block,0,416,3322177F,0,1,1,4294967295,0,0
Block,0,448,103CA326,0,1,1,4294967295,0,0
Block,0,480,4D3B85CD,0,1,1,4294967295,0,0
Block,32,480,C431E418,0,1,1,4294967295,0,0
Block,96,480,B2918F93,0,1,1,4294967295,0,0
Block,96,512,B6AA460F,0,1,1,4294967295,0,0
Block,128,512,A3365F21,0,1,1,4294967295,0,0
Block,128,384,24C164A0,0,1,1,4294967295,0,0
Block,128,352,76C4F922,0,1,1,4294967295,0,0
Block,96,352,2B9FFE0B,0,1,1,4294967295,0,0
Block,64,352,337CED89,0,1,1,4294967295,0,0
Block,192,400,C3814601,0,1,1,4294967295,0,0
Block,192,432,17993DED,0,1,1,4294967295,0,0
Block,192,464,AD9FE54F,0,1,1,4294967295,0,0
Block,128,544,8A567AEA,0,1,1,4294967295,0,0
Block,192,496,69464365,0,1,1,4294967295,0,0
Block,192,304,E4B90551,0,1,1,4294967295,0,0
Block,224,304,80E41F9E,0,1,1,4294967295,0,0
Block,192,272,F8D43805,0,1,1,4294967295,0,0
Block,192,240,25322A8A,0,1,1,4294967295,0,0
Block,144,224,020BB55E,0,1,1,4294967295,0,0
Block,112,224,2197DA6A,0,1,1,4294967295,0,0
Block,112,192,BA2B9215,0,1,1,4294967295,0,0
Block,80,192,042983D6,0,1,1,4294967295,0,0
Block,80,96,F786C0E5,0,1,1,4294967295,0,0
Block,48,96,CD0C41D1,0,1,1,4294967295,0,0
Block,48,128,5D18D22C,0,1,1,4294967295,0,0
Block,80,128,64A1083A,0,1,1,4294967295,0,0
Block,256,64,E9E120A0,0,1,1,4294967295,0,0
Block,256,96,C083704D,0,1,1,4294967295,0,0
Block,256,128,25024F1E,0,1,1,4294967295,0,0
Block,224,64,2BDEC690,0,1,1,4294967295,0,0
Block,320,0,2F637E1E,0,1,1,4294967295,0,0
Block,320,32,E2B4217E,0,1,1,4294967295,0,0
Block,320,64,CA601655,0,1,1,4294967295,0,0
Block,256,160,C84C75F2,0,1,1,4294967295,0,0
Block,256,192,FA097B60,0,1,1,4294967295,0,0
Block,288,192,8CD63A5A,0,1,1,4294967295,0,0
Block,368,144,CEA96B68,0,1,1,4294967295,0,0
Block,368,176,5F09D6E2,0,1,1,4294967295,0,0
Block,400,176,42B34197,0,1,1,4294967295,0,0
Block,400,144,4CDE41B8,0,1,1,4294967295,0,0
Block,352,32,F44BD57D,0,1,1,4294967295,0,0
Block,336,256,6EF1F14A,0,1,1,4294967295,0,0
Block,336,288,E4B5C241,0,1,1,4294967295,0,0
Block,368,288,37EF27E6,0,1,1,4294967295,0,0
Block,400,288,822FD8AC,0,1,1,4294967295,0,0
Block,464,112,7E5DC482,0,1,1,4294967295,0,0
Block,464,144,999256A5,0,1,1,4294967295,0,0
Block,496,288,CB9F15E5,0,1,1,4294967295,0,0
Block,464,288,D8A1298E,0,1,1,4294967295,0,0
Block,464,80,582501DC,0,1,1,4294967295,0,0
Block,528,128,6FE0ADC8,0,1,1,4294967295,0,0
Block,528,160,6BC21E5C,0,1,1,4294967295,0,0
Block,528,192,E766934D,0,1,1,4294967295,0,0
Block,560,192,D177AF13,0,1,1,4294967295,0,0
Block,592,80,EB8B97AE,0,1,1,4294967295,0,0
Block,592,48,AD785CE2,0,1,1,4294967295,0,0
Block,592,16,2CED5810,0,1,1,4294967295,0,0
Block,592,-16,4C1C93DD,0,1,1,4294967295,0,0
Block,656,128,C1C7CA1D,0,1,1,4294967295,0,0
Block,656,160,ADFDF750,0,1,1,4294967295,0,0
Block,656,192,55C4866F,0,1,1,4294967295,0,0
Block,624,192,7C395DF6,0,1,1,4294967295,0,0
Block,688,48,B7125B7B,0,1,1,4294967295,0,0
Block,688,16,B8D1F0E4,0,1,1,4294967295,0,0
Block,688,-16,350C39CA,0,1,1,4294967295,0,0
Block,736,160,96A3618F,0,1,1,4294967295,0,0
Block,736,192,04E2AD1A,0,1,1,4294967295,0,0
Block,704,192,16C75192,0,1,1,4294967295,0,0
Block,704,224,561919A0,0,1,1,4294967295,0,0
Block,704,256,F5DE80E3,0,1,1,4294967295,0,0
Block,688,400,F2E9169E,0,1,1,4294967295,0,0
Block,720,336,AA04D1E5,0,1,1,4294967295,0,0
Block,720,368,93D67BC8,0,1,1,4294967295,0,0
Block,720,400,8110B66D,0,1,1,4294967295,0,0
Block,624,336,8E2C4D5D,0,1,1,4294967295,0,0
Block,624,304,7A7E609A,0,1,1,4294967295,0,0
Block,624,272,8A38AF1A,0,1,1,4294967295,0,0
Block,560,400,18848EFB,0,1,1,4294967295,0,0
Block,560,432,2362EC16,0,1,1,4294967295,0,0
Block,560,464,E53A6F92,0,1,1,4294967295,0,0
Block,528,464,EB371401,0,1,1,4294967295,0,0
Block,528,224,54321C52,0,1,1,4294967295,0,0
Block,528,256,EB5AA0AC,0,1,1,4294967295,0,0
Block,528,288,76A9158B,0,1,1,4294967295,0,0
Block,464,320,0B548433,0,1,1,4294967295,0,0
Block,464,352,EDFDE811,0,1,1,4294967295,0,0
Block,464,384,4CE3232F,0,1,1,4294967295,0,0
Block,464,496,3A2A5B5A,0,1,1,4294967295,0,0
Block,464,528,376219DE,0,1,1,4294967295,0,0
Block,432,528,95EEC70C,0,1,1,4294967295,0,0
Block,432,496,52575A2B,0,1,1,4294967295,0,0
Block,384,400,29F60D6F,0,1,1,4294967295,0,0
Block,384,432,54D5BBF4,0,1,1,4294967295,0,0
Block,384,464,EAE80E61,0,1,1,4294967295,0,0
Block,384,496,5C0FBAFF,0,1,1,4294967295,0,0
Block,336,336,1E026A8D,0,1,1,4294967295,0,0
Block,336,368,895E1CF4,0,1,1,4294967295,0,0
Block,336,400,B1B476FE,0,1,1,4294967295,0,0
Block,336,432,D49F6E58,0,1,1,4294967295,0,0
Block,768,160,7765A85F,0,1,1,4294967295,0,0
VineRight,704,224,EAA9532F,0,1,1,4294967295,0,0
PlayerStart,32,448,57E3F4E3,0,1,1,4294967295,0,0
Cherry,400,96,A69D8C03,0,1,1,4294967295,0,0
Cherry,608,240,A432249E,0,1,1,4294967295,0,0
Cherry,608,464,7C0485D0,0,1,1,4294967295,0,0
Cherry,672,464,CE89499A,0,1,1,4294967295,0,0
Cherry,448,336,EE85E4FF,0,1,1,4294967295,0,0
Warp,384,368,A7B4F164,0,1,1,4294967295,0,0
Cherry,192,104,5950CB2D,0,1,1,4294967295,0,0
Cherry,220,120,A25799FB,0,1,1,4294967295,0,0
WaterCry,96,448,2D29FB0A,0,1,1,4294967295,0,0
WaterCry,96,384,9C979BB1,0,1,2,4294967295,0,0
WaterCry,128,416,A2422F3E,0,1,1,4294967295,0,0
WaterCry,128,448,6178EBBD,0,1,1,4294967295,0,0
WaterCry,128,480,7AE44180,0,1,1,4294967295,0,0
WaterCry,192,336,DCC7F2FC,0,1,2,4294967295,0,0
WaterCry,144,128,63044EE2,0,1,3,4294967295,0,0
WaterCry,112,144,74DCBE03,0,1,1.5,4294967295,0,0
WaterCry,0,96,0A943858,0,1.5,2,4294967295,0,0
WaterCry,240,32,EAFDCAA8,0,1.5,1,4294967295,0,0
WaterCry,384,208,6A3E3D18,0,1.5,2.5,4294967295,0,0
WaterCry,480,176,2CD847D4,0,0.5,1,4294967295,0,0
WaterCry,480,208,CD47FCCD,0,0.5,2.5,4294967295,0,0
WaterCry,576,160,320A72FD,0,2,1,4294967295,0,0
WaterCry,560,336,75B49BB3,0,1,2,4294967295,0,0
