SpikeRight,416,480,AA6062EC,0,1,1,4294967295,0,0
SpikeLeft,352,480,EBD0CCA8,0,1,1,4294967295,0,0
SpikeRight,416,416,736E7BEE,0,1,1,4294967295,0,0
SpikeLeft,352,416,A51D327B,0,1,1,4294967295,0,0
SpikeRight,416,352,07CC1336,0,1,1,4294967295,0,0
SpikeLeft,352,352,C69BF2A7,0,1,1,4294967295,0,0
SpikeRight,416,288,184BFDEC,0,1,1,4294967295,0,0
SpikeLeft,352,288,CAE78827,0,1,1,4294967295,0,0
SpikeRight,416,224,264AF728,0,1,1,4294967295,0,0
SpikeLeft,352,224,7EF186BD,0,1,1,4294967295,0,0
SpikeRight,416,160,83B5A389,0,1,1,4294967295,0,0
SpikeLeft,352,160,3F54C2C7,0,1,1,4294967295,0,0
SpikeRight,416,96,815B68FF,0,1,1,4294967295,0,0
SpikeLeft,352,96,AA2071FC,0,1,1,4294967295,0,0
SpikeRight,416,32,81C51991,0,1,1,4294967295,0,0
SpikeLeft,352,32,E86A910A,0,1,1,4294967295,0,0
SpikeDown,320,0,101B7C92,0,1,1,4294967295,0,0
SpikeDown,448,0,5895661B,0,1,1,4294967295,0,0
SaveVeryHard,384,512,ECF1E712,0,1,1,4294967295,0,0
Block,384,480,5C9794C8,0,1,1,4294967295,0,0
Block,384,416,2794B122,0,1,1,4294967295,0,0
Block,384,352,2132F599,0,1,1,4294967295,0,0
Block,384,288,14D28A58,0,1,1,4294967295,0,0
Block,384,224,4090F66E,0,1,1,4294967295,0,0
Block,384,160,E7E55D9E,0,1,1,4294967295,0,0
Block,384,96,D6994812,0,1,1,4294967295,0,0
Block,384,32,AA8D1F13,0,1,1,4294967295,0,0
Block,384,544,01D7A21F,0,1,2,4294967295,0,0
Block,128,32,67DA5F84,0,5,3.5,4294967295,0,0
PlayerStart,384,512,48F4EB1C,0,1,1,4294967295,0,0
Warp,192,0,63A6C52B,0,1,1,4294967295,0,0
Madeline,384,0,C835F862,0,1,1,4294967295,0,0
