SpikeRight,128,496,DD7CC45D,0,1,1,4294967295,0,0
SpikeLeft,160,416,4E1B2A87,0,1,1,4294967295,0,0
SpikeRight,0,496,EA60343C,0,1,1,4294967295,0,0
SpikeLeft,64,512,EC94EF18,0,1,1,4294967295,0,0
MiniSpikeLeft,112,496,EC9A37F0,0,1,1,4294967295,0,0
SpikeLeft,64,448,DFF2F080,0,1,1,4294967295,0,0
SpikeRight,160,512,264BEC9D,0,1,1,4294967295,0,0
SpikeLeft,144,336,C740CFF3,0,1,1,4294967295,0,0
SpikeRight,96,384,E2553759,0,1,1,4294967295,0,0
SpikeUp,144,272,9708F4F2,0,1,1,4294967295,0,0
SpikeLeft,112,304,E2CEA3DA,0,1,1,4294967295,0,0
SpikeLeft,48,288,82ECA321,0,1,1,4294967295,0,0
SpikeRight,16,240,916BC611,0,1,1,4294967295,0,0
SpikeRight,48,192,12AF2E53,0,1,1,4294967295,0,0
SpikeUp,80,256,D7019050,0,1,1,4294967295,0,0
SpikeDown,96,224,ED336BF3,0,1,1,4294967295,0,0
SpikeRight,32,384,F8451EAE,0,1,1,4294967295,0,0
SpikeRight,0,368,5AD986E0,0,1,1,4294967295,0,0
SpikeUp,96,160,AC83D540,0,1,1,4294967295,0,0
SpikeUp,128,128,2F665DCD,0,1,1,4294967295,0,0
SpikeDown,80,96,DBDF5AB7,0,1,1,4294967295,0,0
SpikeDown,112,64,0C229E1A,0,1,1,4294967295,0,0
SpikeLeft,192,112,8B6D9B2A,0,1,1,4294967295,0,0
SpikeRight,256,128,B4801704,0,1,1,4294967295,0,0
SpikeLeft,160,0,FBA13A39,0,1,1,4294967295,0,0
SpikeLeft,192,16,2B5F8DD6,0,1,1,4294967295,0,0
SpikeUp,208,224,D2512291,0,1,1,4294967295,0,0
SpikeUp,240,224,C534677E,0,1,1,4294967295,0,0
SpikeLeft,208,272,7C172EF3,0,1,1,4294967295,0,0
SpikeLeft,240,288,2CCCE077,0,1,1,4294967295,0,0
SpikeUp,320,144,F9713431,0,1,1,4294967295,0,0
SpikeUp,352,112,DBAB844C,0,1,1,4294967295,0,0
SpikeRight,256,64,BC199E53,0,1,1,4294967295,0,0
SpikeLeft,304,32,6B4E8FBC,0,1,1,4294967295,0,0
SpikeLeft,272,0,2E2F3CC1,0,1,1,4294967295,0,0
SpikeUp,272,272,D7AD1889,0,1,1,4294967295,0,0
SpikeDown,320,272,D6E848D6,0,1,1,4294967295,0,0
SpikeDown,352,208,796DDCDE,0,1,1,4294967295,0,0
SpikeUp,416,64,5ABE014A,0,1,1,4294967295,0,0
SpikeUp,448,64,66FCF9ED,0,1,1,4294967295,0,0
MiniSpikeLeft,432,8,CCF78D07,0,1,1,4294967295,0,0
MiniSpikeRight,448,8,325F7A7D,0,1,1,4294967295,0,0
SpikeRight,480,96,C8DD339B,0,1,1,4294967295,0,0
SpikeLeft,496,16,8A01924E,0,1,1,4294967295,0,0
SpikeUp,496,176,E011471B,0,1,1,4294967295,0,0
SpikeUp,432,224,EA1D60ED,0,1,1,4294967295,0,0
SpikeUp,448,256,317E012B,0,1,1,4294967295,0,0
SpikeUp,416,192,8861F560,0,1,1,4294967295,0,0
SpikeDown,448,128,909FBC58,0,1,1,4294967295,0,0
SpikeRight,416,112,CAD98B82,0,1,1,4294967295,0,0
SpikeUp,368,256,562861B3,0,1,1,4294967295,0,0
SpikeLeft,496,224,631DCD78,0,1,1,4294967295,0,0
SpikeDown,528,64,4B3153CF,0,1,1,4294967295,0,0
SpikeDown,560,96,0B917D2E,0,1,1,4294967295,0,0
SpikeLeft,528,192,95D40898,0,1,1,4294967295,0,0
SpikeUp,416,320,B811AEB4,0,1,1,4294967295,0,0
SpikeRight,448,352,21489BAD,0,1,1,4294967295,0,0
SpikeRight,464,-16,3F913991,0,1,1,4294967295,0,0
SpikeUp,592,288,8B229F7F,0,1,1,4294967295,0,0
SpikeUp,576,320,F1A79470,0,1,1,4294967295,0,0
SpikeDown,640,320,4173B2DB,0,1,1,4294967295,0,0
SpikeRight,640,208,39CE2A2F,0,1,1,4294967295,0,0
MiniSpikeLeft,560,176,4F8254BC,0,1,1,4294967295,0,0
SpikeUp,640,400,4D8809B5,0,1,1,4294967295,0,0
SpikeDown,672,352,1A2A3F69,0,1,1,4294967295,0,0
SpikeRight,704,320,43947A7D,0,1,1,4294967295,0,0
SpikeUp,736,368,A3466AFE,0,1,1,4294967295,0,0
SpikeUp,672,256,9D77D9B2,0,1,1,4294967295,0,0
SpikeDown,704,224,893F90AD,0,1,1,4294967295,0,0
SpikeLeft,672,160,CE94ECBD,0,1,1,4294967295,0,0
SpikeRight,624,80,B1A03983,0,1,1,4294967295,0,0
SpikeRight,592,96,263D5289,0,1,1,4294967295,0,0
SpikeUp,704,128,E1DBA37F,0,1,1,4294967295,0,0
SpikeDown,640,528,5A31D082,0,1,1,4294967295,0,0
SpikeDown,672,464,49292C68,0,1,1,4294967295,0,0
SpikeDown,304,480,75923C74,0,1,1,4294967295,0,0
SpikeLeft,272,368,A47B10FB,0,1,1,4294967295,0,0
SpikeLeft,272,400,5E19AC9E,0,1,1,4294967295,0,0
SpikeRight,304,368,187BD36A,0,1,1,4294967295,0,0
SpikeRight,432,496,BDB8CA7C,0,1,1,4294967295,0,0
SpikeRight,464,512,DF1AA064,0,1,1,4294967295,0,0
SpikeUp,544,448,D9E3DFF2,0,1,1,4294967295,0,0
SpikeLeft,624,0,A4790F3B,0,1,1,4294967295,0,0
SpikeUp,592,48,43DADB04,0,1,1,4294967295,0,0
MiniSpikeLeft,224,152,2459F050,0,1,1,4294967295,0,0
MiniSpikeRight,240,152,9458C2ED,0,1,1,4294967295,0,0
object160,192,256,1A43693D,0,1,1,4294967295,0,0
object160,0,256,8E194CF3,0,1,1,4294967295,0,0
SaveVeryHard,0,544,E4F25555,0,1,1,4294967295,0,0
SurfaceBlock,16,384,71C018D2,0,1,1,4294967295,0,1
Block,128,512,E586E714,0,1,1,4294967295,0,0
Block,0,576,4B4048D9,0,1,1,4294967295,0,0
Block,0,512,062F1D8A,0,1,1,4294967295,0,0
Block,64,496,F8CAF6A2,0,1,1,4294967295,0,0
Block,64,464,D0859D77,0,1,1,4294967295,0,0
Block,192,416,4F04968B,0,1,1,4294967295,0,0
Block,192,448,2661FA2A,0,1,1,4294967295,0,0
Block,144,304,57EC0C4D,0,1,1.5,4294967295,0,0
Block,96,368,171D8AB2,0,1,1,4294967295,0,0
Block,48,304,A21C796C,0,1,1,4294967295,0,0
Block,16,224,0795E15E,0,1,1,4294967295,0,0
Block,16,192,2AD12C26,0,1,1,4294967295,0,0
Block,96,192,D85EDB90,0,1,1,4294967295,0,0
Block,96,224,E603D36C,0,0.5,1,4294967295,0,0
Block,96,256,A9861631,0,0.5,1,4294967295,0,0
Block,0,384,C94E23D1,0,1,1,4294967295,0,0
Block,128,160,DB8C5900,0,1,1,4294967295,0,0
Block,128,192,ECF37101,0,1,1,4294967295,0,0
Block,80,64,2F0D00C9,0,1,1,4294967295,0,0
Block,80,32,1C4824E9,0,1,1,4294967295,0,0
Block,80,0,DA4CFF48,0,1,1,4294967295,0,0
Block,112,32,CBC7C141,0,1,1,4294967295,0,0
Block,112,0,571B66B9,0,1,1,4294967295,0,0
Block,192,96,31EF8C60,0,1,1,4294967295,0,0
Block,224,128,C9E7605F,0,1,1,4294967295,0,0
Block,224,96,BEFF8417,0,1,1,4294967295,0,0
Block,224,64,97FB5F72,0,1,1,4294967295,0,0
Block,224,32,ED7B053E,0,1,1,4294967295,0,0
Block,224,0,520AA0AA,0,1,1,4294967295,0,0
Block,192,0,AC86D84A,0,1,1,4294967295,0,0
Block,208,256,14344C82,0,1,1,4294967295,0,0
Block,240,256,612E48E3,0,1,1.5,4294967295,0,0
Block,320,176,AA1F1A21,0,1,1,4294967295,0,0
Block,256,64,7F44C89D,0,1,0.5,4294967295,0,0
Block,352,144,8574E053,0,1,1,4294967295,0,0
Block,352,176,8842E60F,0,1,1,4294967295,0,0
Block,304,16,237727BD,0,1,1,4294967295,0,0
Block,304,-16,BF51452E,0,1,1,4294967295,0,0
Block,368,96,731493CD,0,0.5,1.5,4294967295,0,0
Block,272,304,75409504,0,1,0.5,4294967295,0,0
Block,320,208,842F2BC9,0,1,1,4294967295,0,0
Block,320,240,36471F14,0,1,1,4294967295,0,0
Block,416,96,2A967543,0,1,1,4294967295,0,0
Block,448,96,34E7668C,0,1,1,4294967295,0,0
Block,432,-16,A689FC8A,0,1,1,4294967295,0,0
Block,496,0,2EBDFF98,0,1,1,4294967295,0,0
Block,528,0,AF012C5A,0,1,1,4294967295,0,0
Block,528,32,F321C6C9,0,1,1,4294967295,0,0
Block,496,208,83864F05,0,1,1,4294967295,0,0
Block,432,256,F7F58321,0,1,1,4294967295,0,0
Block,416,224,9372E81F,0,1,1,4294967295,0,0
Block,416,256,A9A6BB98,0,0.5,1,4294967295,0,0
Block,368,288,6F1D2A68,0,1,1,4294967295,0,0
Block,560,64,B8CA5C79,0,1,1,4294967295,0,0
Block,560,32,43E7C191,0,1,1,4294967295,0,0
Block,560,0,358B6971,0,1,1,4294967295,0,0
Block,528,208,23CD5365,0,1,1.5,4294967295,0,0
Block,560,208,D440F974,0,1,1.5,4294967295,0,0
Block,528,288,45C60FEF,0,1,1,4294967295,0,0
Block,544,320,5CBAE2B7,0,0.5,1.5,4294967295,0,0
Block,416,352,D27C7B03,0,1,1,4294967295,0,0
Block,416,384,C4F4788E,0,1,1,4294967295,0,0
Block,448,384,9EF0E0B5,0,1,1,4294967295,0,0
Block,608,208,F994839C,0,1,1,4294967295,0,0
Block,640,224,34381298,0,1,1,4294967295,0,0
Block,640,256,5B1FB6E1,0,1,1,4294967295,0,0
Block,640,288,794254D1,0,1,1,4294967295,0,0
Block,592,320,828BA655,0,1,1,4294967295,0,0
Block,576,96,C57B59C4,0,0.5,3.5,4294967295,0,0
Block,560,192,886B2F29,0,0.5,0.5,4294967295,0,0
Block,640,432,25760A91,0,1,1,4294967295,0,0
Block,672,432,0F45054A,0,1,1,4294967295,0,0
Block,672,288,708C9560,0,1,1,4294967295,0,0
Block,672,320,5E081818,0,1,1,4294967295,0,0
Block,752,336,51CACAFB,0,1,1,4294967295,0,0
Block,752,368,7A7723E9,0,1,1,4294967295,0,0
Block,704,192,6C803B1F,0,1,1,4294967295,0,0
Block,704,160,19114F07,0,1,1,4294967295,0,0
Block,592,80,08BF7ABF,0,1,1,4294967295,0,0
Block,672,128,EB81EB93,0,1,1.5,4294967295,0,0
Block,624,-16,9E1DB2C8,0,1,1,4294967295,0,0
Block,640,464,A6BA02CA,0,1,1,4294967295,0,0
Block,640,496,B7FC1BD8,0,1,1,4294967295,0,0
Block,304,448,15E37C78,0,1,1,4294967295,0,0
Block,304,416,98A028D6,0,1,1,4294967295,0,0
Block,304,384,F5053C84,0,1,1,4294967295,0,0
Block,272,384,DC860A73,0,1,1,4294967295,0,0
Block,432,512,27FD44FB,0,1,1,4294967295,0,0
Block,432,544,20B884F8,0,1,1,4294967295,0,0
Block,432,576,CA350979,0,1,1,4294967295,0,0
Block,544,480,17240F69,0,1,1,4294967295,0,0
Block,544,512,726A7A6A,0,1,1,4294967295,0,0
Block,624,96,D3ABC4D8,0,1,0.5,4294967295,0,0
Block,624,112,D9E1C473,0,0.5,3,4294967295,0,0
Block,704,128,9024A300,0,0.5,1,4294967295,0,0
PlatformWater2,160,448,BA5CB4D2,0,1,1,4294967295,0,0
PlayerStart,0,544,0CD5C0C9,0,1,1,4294967295,0,0
PlatformWater2,96,512,3740330A,0,1,1,4294967295,0,0
PlatformWater2,48,336,8F58F774,0,0.5,2,4294967295,0,0
PlatformWater2,48,256,02B90B84,0,0.5,2,4294967295,0,0
PlatformWater2,192,144,3EA689C2,0,0.5,2,4294967295,0,0
PlatformWater2,256,176,39A962A6,0,0.5,2,4294967295,0,0
PlatformWater2,272,96,CB0C0790,0,0.5,2,4294967295,0,0
PlatformWater2,432,32,71FE9BC2,0,1,1,4294967295,0,0
PlatformWater2,512,64,A28B7A72,0,0.5,7,4294967295,0,0
PlatformWater2,448,160,A01C52B4,0,0.5,4,4294967295,0,0
Cherry,400,112,5D14B1F4,0,1,1,4294967295,0,0
Cherry,496,272,3C9A0284,0,1,1,4294967295,0,0
PlatformWater2,464,288,C003AFA6,0,0.5,3,4294967295,0,0
PlatformWater2,528,320,ACF0E5B5,0,0.5,3,4294967295,0,0
PlatformWater2,592,232,EA3928A5,0,0.5,1.5,4294967295,0,0
PlatformWater2,592,208,63F62516,0,0.5,1.5,4294967295,0,0
PlatformWater2,688,224,916161A4,0,0.5,2,4294967295,0,0
Warp,592,0,84D9AC41,0,1,1,4294967295,0,0
PlatformWater2,712,264,8150C47B,0,0.5,2,4294967295,0,0
