SpikeLeft,160,480,AC1FD639,0,1,1,4294967295,0,0
SpikeLeft,64,480,795DC91E,0,1,1,4294967295,0,0
SpikeRight,64,512,A671D456,0,1,1,4294967295,0,0
SpikeRight,32,448,AF6FD4C6,0,1,1,4294967295,0,0
SpikeDown,144,416,BC777270,0,1,1,4294967295,0,0
SpikeLeft,32,400,DAA930AD,0,1,1,4294967295,0,0
SpikeLeft,0,416,481EF0C2,0,1,1,4294967295,0,0
MiniSpikeUp,64,384,1640BF98,0,1,1,4294967295,0,0
SpikeLeft,80,304,52D51FBD,0,1,1,4294967295,0,0
SpikeDown,160,528,85A01B00,0,1,1,4294967295,0,0
SpikeUp,192,576,E74DD247,0,1,1,4294967295,0,0
SpikeLeft,224,528,C17FD30D,0,1,1,4294967295,0,0
SpikeUp,208,352,9D5304A2,0,1,1,4294967295,0,0
SpikeDown,256,560,A2522CCE,0,1,1,4294967295,0,0
SpikeUp,256,464,ADC68F5E,0,1,1,4294967295,0,0
SpikeRight,64,240,5610215E,0,1,1,4294967295,0,0
SpikeUp,32,208,3483F5C6,0,1,1,4294967295,0,0
SpikeUp,0,256,0006E874,0,1,1,4294967295,0,0
SpikeRight,0,288,4D1958F6,0,1,1,4294967295,0,0
SpikeLeft,112,320,3F7AF15A,0,1,1,4294967295,0,0
SpikeRight,208,384,22C37060,0,1,1,4294967295,0,0
SpikeRight,144,288,1AC0DC6B,0,1,1,4294967295,0,0
SpikeUp,112,256,9E59CCD5,0,1,1,4294967295,0,0
SpikeLeft,128,192,6153AF28,0,1,1,4294967295,0,0
SpikeRight,160,192,C3BDAFE7,0,1,1,4294967295,0,0
SpikeUp,128,144,526A33C7,0,1,1,4294967295,0,0
SpikeUp,160,144,6076CB84,0,1,1,4294967295,0,0
SpikeRight,224,192,FA2C6C3B,0,1,1,4294967295,0,0
SpikeLeft,224,112,19B1B6C1,0,1,1,4294967295,0,0
SpikeDown,144,64,5915D47D,0,1,1,4294967295,0,0
SpikeUp,112,112,D091AC10,0,1,1,4294967295,0,0
SpikeLeft,112,32,5847D6EA,0,1,1,4294967295,0,0
SpikeDown,272,240,7EB78E19,0,1,1,4294967295,0,0
SpikeLeft,272,192,C755DD97,0,1,1,4294967295,0,0
SpikeRight,272,112,5DDC8C3A,0,1,1,4294967295,0,0
SpikeUp,224,32,738202F0,0,1,1,4294967295,0,0
SpikeLeft,272,400,E71BD057,0,1,1,4294967295,0,0
SpikeDown,304,512,630B8EC5,0,1,1,4294967295,0,0
SpikeRight,288,272,D34BC221,0,1,1,4294967295,0,0
SpikeUp,320,256,7DF30B6E,0,1,1,4294967295,0,0
SpikeLeft,304,224,2725CF28,0,1,1,4294967295,0,0
SpikeRight,304,96,2876B4AF,0,1,1,4294967295,0,0
SpikeDown,32,112,9D0C270E,0,1,1,4294967295,0,0
SpikeDown,48,80,5C1D57EF,0,1,1,4294967295,0,0
SpikeUp,32,16,81B5CE73,0,1,1,4294967295,0,0
SpikeUp,48,48,48DED399,0,1,1,4294967295,0,0
SpikeRight,336,80,488BA0E7,0,1,1,4294967295,0,0
SpikeLeft,304,176,DCB9E205,0,1,1,4294967295,0,0
SpikeUp,272,32,39978F21,0,1,1,4294967295,0,0
SpikeRight,304,64,C6BFB9DA,0,1,1,4294967295,0,0
SpikeDown,224,240,03EBFE60,0,1,1,4294967295,0,0
SpikeUp,304,336,28FCEC36,0,1,1,4294967295,0,0
SpikeUp,352,368,2EF558D8,0,1,1,4294967295,0,0
SpikeRight,384,400,C8B8DB9A,0,1,1,4294967295,0,0
SpikeUp,464,480,5EA60E02,0,1,1,4294967295,0,0
SpikeDown,416,496,E72A6C98,0,1,1,4294967295,0,0
SpikeDown,464,528,6534F941,0,1,1,4294967295,0,0
SpikeDown,480,416,13AAC088,0,1,1,4294967295,0,0
SpikeDown,464,384,80E19380,0,1,1,4294967295,0,0
SpikeDown,512,448,BD2E6724,0,1,1,4294967295,0,0
SpikeUp,608,432,3463BD7B,0,1,1,4294967295,0,0
SpikeUp,576,496,8E797ECE,0,1,1,4294967295,0,0
SpikeUp,464,304,B384A83D,0,1,1,4294967295,0,0
SpikeUp,512,288,62C280BE,0,1,1,4294967295,0,0
SpikeDown,560,352,70C1FEBC,0,1,1,4294967295,0,0
SpikeDown,592,384,A9E91E7E,0,1,1,4294967295,0,0
SpikeRight,512,224,3693D0D1,0,1,1,4294967295,0,0
SpikeLeft,544,224,AF8A444F,0,1,1,4294967295,0,0
SpikeLeft,608,256,7D702D42,0,1,1,4294967295,0,0
SpikeRight,576,192,5309C80A,0,1,1,4294967295,0,0
SpikeUp,592,272,086EAFE3,0,1,1,4294967295,0,0
SpikeUp,576,144,B0C73B63,0,1,1,4294967295,0,0
SpikeRight,560,80,1FD13B04,0,1,1,4294967295,0,0
SpikeLeft,512,160,96A5E9C1,0,1,1,4294967295,0,0
SpikeDown,448,272,3789B8B5,0,1,1,4294967295,0,0
SpikeUp,448,208,A4B8640B,0,1,1,4294967295,0,0
SpikeUp,416,176,B081E5F0,0,1,1,4294967295,0,0
SpikeDown,416,272,903B8B2F,0,1,1,4294967295,0,0
SpikeUp,400,208,7336F48A,0,1,1,4294967295,0,0
SpikeDown,400,240,8B873CAB,0,1,1,4294967295,0,0
SpikeUp,480,384,94FEAF27,0,1,1,4294967295,0,0
SpikeLeft,528,48,D162E9F5,0,1,1,4294967295,0,0
SpikeLeft,496,32,51BD6291,0,1,1,4294967295,0,0
SpikeLeft,384,48,905B53BA,0,1,1,4294967295,0,0
SpikeRight,416,48,43C8EE4C,0,1,1,4294967295,0,0
SpikeLeft,416,464,58125B9C,0,1,1,4294967295,0,0
SaveVeryHard,32,544,94915839,0,1,1,4294967295,0,0
SurfaceBlock,96,464,8ECA19E4,0,1,1,4294967295,0,1
Block,0,480,660ADA1B,0,1,1,4294967295,0,0
Block,0,512,0E620588,0,1,1,4294967295,0,0
Block,0,544,8386E85E,0,1,1,4294967295,0,0
Block,0,576,53E594C9,0,1,1,4294967295,0,0
Block,32,576,F3548732,0,1,1,4294967295,0,0
Block,0,448,F488B2B5,0,1,1,4294967295,0,0
Block,160,496,03036F03,0,1,1,4294967295,0,0
Block,64,496,ACD5AC81,0,1,1,4294967295,0,0
Block,144,384,9F819CAC,0,1,1,4294967295,0,0
Block,32,416,BDEF42A5,0,1,1.5,4294967295,0,0
Block,0,432,9491AB7C,0,1,0.5,4294967295,0,0
Block,64,400,B940C52D,0,0.5,2,4294967295,0,0
Block,144,352,530E5B62,0,1,1,4294967295,0,0
Block,144,320,81259D84,0,1,1,4294967295,0,0
Block,224,496,1C79202A,0,1,1.5,4294967295,0,0
Block,208,384,428BEC2A,0,1,0.5,4294967295,0,0
Block,256,496,3AAF96BC,0,1,2,4294967295,0,0
Block,80,304,E0DBF3E8,0,1,0.5,4294967295,0,0
Block,144,304,7E04AD25,0,1,0.5,4294967295,0,0
Block,32,272,2910D2A4,0,1,1,4294967295,0,0
Block,32,240,993122D0,0,1,1,4294967295,0,0
Block,0,288,ACC00CA2,0,1,0.5,4294967295,0,0
Block,112,304,9DA38996,0,1,1,4294967295,0,0
Block,112,288,FB5314CC,0,1,0.5,4294967295,0,0
Block,128,176,8855995E,0,1,1,4294967295,0,0
Block,160,176,17435C9C,0,1,1,4294967295,0,0
Block,224,208,BD549496,0,1,1,4294967295,0,0
Block,224,96,372C34AC,0,1,1,4294967295,0,0
Block,224,64,67575771,0,1,1,4294967295,0,0
Block,112,144,B4FDBBBB,0,1,1,4294967295,0,0
Block,112,176,C26E25B5,0,0.5,1,4294967295,0,0
Block,144,32,2DDEDF9D,0,1,1,4294967295,0,0
Block,272,208,834A2F7A,0,1,1,4294967295,0,0
Block,272,96,77CB274C,0,1,1,4294967295,0,0
Block,272,64,D5CAF39D,0,1,1,4294967295,0,0
Block,304,416,27DA9473,0,1,1,4294967295,0,0
Block,304,448,99B0E6BA,0,1,1,4294967295,0,0
Block,304,480,7ACA4779,0,1,1,4294967295,0,0
Block,304,208,DACCE80C,0,1,1,4294967295,0,0
Block,304,368,C1C2B844,0,1,1.5,4294967295,0,0
Block,144,0,011B5444,0,1,1,4294967295,0,0
Block,32,48,C90FCF6B,0,1,1,4294967295,0,0
Block,32,80,9DF62F9F,0,1,1,4294967295,0,0
Block,304,80,1D4287CA,0,1,1,4294967295,0,0
Block,240,32,EDF10D88,0,0.5,1,4294967295,0,0
Block,304,192,8D91CA9F,0,1,0.5,4294967295,0,0
Block,240,240,CA0D3E9F,0,0.5,5,4294967295,0,0
Block,352,400,BF86AACD,0,1,1,4294967295,0,0
Block,336,480,DF943AC1,0,1,1,4294967295,0,0
Block,336,512,5A5126FE,0,1,1,4294967295,0,0
Block,336,544,9CB7EC39,0,1,1,4294967295,0,0
Block,336,576,FC9E92FA,0,1,1,4294967295,0,0
Block,416,480,F298DA24,0,1,0.5,4294967295,0,0
Block,464,512,73878F50,0,1,0.5,4294967295,0,0
Block,512,384,2FBE396A,0,1,1,4294967295,0,0
Block,512,416,C6BDB8AB,0,1,1,4294967295,0,0
Block,608,464,1CAB7F5F,0,1,1,4294967295,0,0
Block,608,496,E2914F7C,0,1,1,4294967295,0,0
Block,576,528,0898117E,0,1,1,4294967295,0,0
Block,576,560,4C4D2DF9,0,1,1,4294967295,0,0
Block,576,592,943676C2,0,1,1,4294967295,0,0
Block,608,528,281F07A5,0,1,1,4294967295,0,0
Block,512,352,434EB97C,0,1,1,4294967295,0,0
Block,512,320,D1514DEC,0,1,1,4294967295,0,0
Block,560,320,23EA9485,0,1,1,4294967295,0,0
Block,592,352,3A53A2E3,0,1,1,4294967295,0,0
Block,592,320,152EDC07,0,1,1,4294967295,0,0
Block,624,320,0E2D21FC,0,0.5,4.5,4294967295,0,0
Block,608,272,FCD3055E,0,1,1.5,4294967295,0,0
Block,592,304,4104F3BD,0,0.5,0.5,4294967295,0,0
Block,576,176,CB32C628,0,1,1,4294967295,0,0
Block,560,64,D6D84A87,0,1,1,4294967295,0,0
Block,560,32,0D938171,0,1,1,4294967295,0,0
Block,560,0,93B67808,0,1,1,4294967295,0,0
Block,512,112,9379ECE6,0,1,1,4294967295,0,0
Block,512,144,9D23B5F5,0,1,1,4294967295,0,0
Block,448,240,38AF3F09,0,1,1,4294967295,0,0
Block,416,208,9E4235A5,0,1,1,4294967295,0,0
Block,416,240,C916AAA1,0,1,1,4294967295,0,0
Block,336,208,738B6872,0,1,1,4294967295,0,0
Block,336,176,E4E66AB5,0,1,1,4294967295,0,0
Block,336,144,75A715F7,0,1,1,4294967295,0,0
Block,336,96,F698E187,0,1,1.5,4294967295,0,0
Block,528,32,33903F62,0,1,1,4294967295,0,0
Block,528,0,E1201D8A,0,1,1,4294967295,0,0
Block,384,0,9C4CE35E,0,1,1,4294967295,0,0
Block,384,32,95D306F2,0,1,1,4294967295,0,0
Block,416,32,EE0E980D,0,1,1,4294967295,0,0
Block,272,0,E4096F4D,0,0.5,2,4294967295,0,0
Block,384,416,AECC50A7,0,1,0.5,4294967295,0,0
GravityUpUltra,96,496,9F3E84E3,0,1,1,4294967295,0,0
GravityDownUltra,80,384,DCEEC0F6,0,1,1,4294967295,0,0
PlayerStart,32,544,668FC7CD,0,1,1,4294967295,0,0
GravityDownUltra,192,496,3004EE37,0,1,1,4294967295,0,0
GravityDownUltra,112,384,38D04B29,0,1,1,4294967295,0,0
GravityUpUltra,128,496,224A1D46,0,1,1,4294967295,0,0
GravityDownUltra,176,384,0DB307BA,0,1,1,4294967295,0,0
GravityUpUltra,192,256,8E2A701B,0,1,1,4294967295,0,0
GravityDownUltra,192,192,13C67D8C,0,1,1,4294967295,0,0
Cherry,256,416,D44B906D,0,1,1,4294967295,0,0
GravityDownUltra,192,16,B1329340,0,1,1,4294967295,0,0
GravityUpUltra,80,144,6251D443,0,1,1,4294967295,0,0
GravityUpUltra,496,512,972C5D16,0,1,1,4294967295,0,0
GravityDownUltra,544,448,C9FAAEC9,0,1,1,4294967295,0,0
GravityDownUltra,576,448,D0518571,0,1,1,4294967295,0,0
Cherry,496,240,49D23F1F,0,1,1,4294967295,0,0
GravityUpUltra,576,224,2EFF7B11,0,1,1,4294967295,0,0
GravityDownUltra,608,144,84E19CA6,0,1,1,4294967295,0,0
GravityDownUltra,480,272,D1F7190F,0,1,1,4294967295,0,0
Cherry,384,224,A6257ECF,0,1,1,4294967295,0,0
Warp,416,0,53837949,0,1,1,4294967295,0,0
Water,144,144,BF0E89ED,0,1,1,4294967295,0,0
