SpikeUp,448,448,651013A1,0,1,1,4294967295,0,0
SpikeUp,512,544,E1B11EE3,0,1,1,4294967295,0,0
SpikeUp,576,416,033FFCEA,0,1,1,4294967295,0,0
SpikeUp,544,416,192D8A0F,0,1,1,4294967295,0,0
SpikeLeft,640,432,9D211F69,0,1,1,4294967295,0,0
SpikeUp,624,512,3E7E8169,0,1,1,4294967295,0,0
SpikeUp,672,400,B795DA3B,0,1,1,4294967295,0,0
SpikeUp,672,304,3E2F7DE2,0,1,1,4294967295,0,0
SpikeUp,608,288,1F4180ED,0,1,1,4294967295,0,0
SpikeUp,736,496,9BF0A43A,0,1,1,4294967295,0,0
SpikeUp,752,464,790A348D,0,1,1,4294967295,0,0
SpikeUp,768,496,6F4565DE,0,1,1,4294967295,0,0
SpikeLeft,656,224,A8957D12,0,1,1,4294967295,0,0
SpikeRight,688,224,E964DC39,0,1,1,4294967295,0,0
SpikeUp,704,304,98A84B58,0,1,1,4294967295,0,0
SpikeRight,688,144,65AF05FE,0,1,1,4294967295,0,0
SpikeUp,656,112,E1273DDF,0,1,1,4294967295,0,0
SpikeLeft,704,80,4D500A83,0,1,1,4294967295,0,0
SpikeDown,736,112,1548E488,0,1,1,4294967295,0,0
SpikeLeft,624,208,0DE5764E,0,1,1,4294967295,0,0
SpikeUp,736,48,AD7344D8,0,1,1,4294967295,0,0
SpikeRight,592,144,66915355,0,1,1,4294967295,0,0
SpikeUp,528,80,F530C705,0,1,1,4294967295,0,0
SpikeUp,560,80,7886067D,0,1,1,4294967295,0,0
SpikeUp,544,48,239A2D29,0,1,1,4294967295,0,0
SpikeUp,592,256,8547D0F6,0,1,1,4294967295,0,0
SpikeUp,576,288,B72609BA,0,1,1,4294967295,0,0
SpikeUp,544,224,C89531AF,0,1,1,4294967295,0,0
SpikeLeft,512,320,5D3B5EB8,0,1,1,4294967295,0,0
SpikeDown,560,352,DCF2C956,0,1,1,4294967295,0,0
SpikeUp,464,352,AB05CC17,0,1,1,4294967295,0,0
SpikeRight,432,320,0FC2618A,0,1,1,4294967295,0,0
SpikeUp,400,288,9F24F220,0,1,1,4294967295,0,0
SpikeLeft,432,384,FF9F0BAD,0,1,1,4294967295,0,0
SpikeUp,320,272,FD074948,0,1,1,4294967295,0,0
SpikeUp,320,480,D09EB5FD,0,1,1,4294967295,0,0
SpikeUp,352,512,66870F98,0,1,1,4294967295,0,0
SpikeLeft,288,512,1EB74242,0,1,1,4294967295,0,0
SpikeLeft,288,544,CD1FACFB,0,1,1,4294967295,0,0
SpikeDown,288,400,C3941771,0,1,1,4294967295,0,0
SpikeLeft,336,208,CA459C0F,0,1,1,4294967295,0,0
SpikeRight,368,208,B437E98B,0,1,1,4294967295,0,0
SpikeUp,288,240,49C2B688,0,1,1,4294967295,0,0
SpikeUp,336,112,950A96B5,0,1,1,4294967295,0,0
SpikeUp,352,80,2792A007,0,1,1,4294967295,0,0
SpikeUp,368,112,269FFDDD,0,1,1,4294967295,0,0
SpikeDown,416,112,7AE4E5D8,0,1,1,4294967295,0,0
SpikeUp,416,192,A67BD25E,0,1,1,4294967295,0,0
SpikeDown,416,256,712E5492,0,1,1,4294967295,0,0
SpikeRight,448,80,759EED55,0,1,1,4294967295,0,0
SpikeRight,416,64,8CA5FD85,0,1,1,4294967295,0,0
SpikeDown,256,16,8149347A,0,1,1,4294967295,0,0
SpikeUp,240,96,82C9F775,0,1,1,4294967295,0,0
SpikeUp,208,32,D2710282,0,1,1,4294967295,0,0
SpikeRight,176,-16,E15357CF,0,1,1,4294967295,0,0
SpikeRight,144,0,D4020C4D,0,1,1,4294967295,0,0
SpikeRight,160,112,7215D5AD,0,1,1,4294967295,0,0
SpikeLeft,128,112,0360AD55,0,1,1,4294967295,0,0
SpikeDown,112,64,794E9F5B,0,1,1,4294967295,0,0
SpikeLeft,144,256,54614B12,0,1,1,4294967295,0,0
SpikeUp,112,160,70503304,0,1,1,4294967295,0,0
SpikeRight,112,320,C9185978,0,1,1,4294967295,0,0
SpikeRight,208,256,3E592335,0,1,1,4294967295,0,0
SpikeUp,208,320,F56CB0D1,0,1,1,4294967295,0,0
SpikeLeft,256,368,71E0E6E3,0,1,1,4294967295,0,0
SpikeLeft,176,416,3AA88C7B,0,1,1,4294967295,0,0
SpikeRight,144,416,95E1204B,0,1,1,4294967295,0,0
SpikeUp,112,384,5EF156C6,0,1,1,4294967295,0,0
SpikeUp,176,480,CFF75537,0,1,1,4294967295,0,0
SpikeUp,80,512,50E52617,0,1,1,4294967295,0,0
SpikeDown,80,352,C1AB45D9,0,1,1,4294967295,0,0
SpikeUp,80,160,D979DD5A,0,1,1,4294967295,0,0
SpikeUp,48,448,3DBAC4EE,0,1,1,4294967295,0,0
SpikeRight,16,416,EC3F58BD,0,1,1,4294967295,0,0
SurfaceBlock,448,256,1902B394,0,1,1,4294967295,0,1
Block,448,480,4EBABBBB,0,1,1,4294967295,0,0
Block,448,512,F02728C1,0,1,1,4294967295,0,0
Block,448,544,9AB4038D,0,1,1,4294967295,0,0
Block,448,576,354C96C1,0,1,1,4294967295,0,0
Block,480,576,D2FD83E1,0,1,1,4294967295,0,0
Block,512,576,611FB59B,0,1,1,4294967295,0,0
Block,576,480,3A5DE7BD,0,1,1,4294967295,0,0
Block,576,448,6492F3BA,0,1,1,4294967295,0,0
Block,544,448,EB17495C,0,1,1,4294967295,0,0
Block,512,448,F46CDDCA,0,1,1,4294967295,0,0
Block,512,416,625F9605,0,1,1,4294967295,0,0
Block,624,544,570DE63D,0,1,1,4294967295,0,0
Block,672,432,2E41D1F2,0,1,1,4294967295,0,0
Block,736,528,759DE359,0,1,1,4294967295,0,0
Block,736,560,9A5B2002,0,1,1,4294967295,0,0
Block,672,336,7A858897,0,1,1,4294967295,0,0
Block,608,320,19C3CA4D,0,1,1,4294967295,0,0
Block,768,528,44A14717,0,1,1,4294967295,0,0
Block,656,208,06CCE30E,0,1,1,4294967295,0,0
Block,656,176,9985C024,0,1,1,4294967295,0,0
Block,688,208,B3D73748,0,1,1,4294967295,0,0
Block,704,336,69EE4B96,0,1,1,4294967295,0,0
Block,704,368,7AF45B5F,0,1,1,4294967295,0,0
Block,704,400,6101BB7A,0,1,1,4294967295,0,0
Block,704,432,62D8776C,0,1,1,4294967295,0,0
Block,736,368,E760CEE2,0,1,1,4294967295,0,0
Block,736,400,7FEDE901,0,1,1,4294967295,0,0
Block,656,144,DB001EFF,0,1,1,4294967295,0,0
Block,736,80,DCB5C234,0,1,1,4294967295,0,0
Block,768,80,B3FF13B4,0,1,1,4294967295,0,0
Block,768,48,CFB2F424,0,1,1,4294967295,0,0
Block,768,16,232FB09E,0,1,1,4294967295,0,0
Block,768,-16,A7120395,0,1,1,4294967295,0,0
Block,560,144,EF33EAC1,0,1,1,4294967295,0,0
Block,560,112,FAFFCA31,0,1,1,4294967295,0,0
Block,528,112,16AA4FA0,0,1,1,4294967295,0,0
Block,528,144,4551EB75,0,1,1,4294967295,0,0
Block,576,320,74CA8BA3,0,1,1,4294967295,0,0
Block,544,256,8E3342FF,0,1,1,4294967295,0,0
Block,544,288,9121EAF0,0,1,1,4294967295,0,0
Block,544,320,99AC5DD9,0,1,1,4294967295,0,0
Block,400,320,5FFAEA2D,0,1,1,4294967295,0,0
Block,464,384,98EA07E7,0,1,1,4294967295,0,0
Block,288,336,E2E62E13,0,1,1,4294967295,0,0
Block,288,368,3630AB45,0,1,1,4294967295,0,0
Block,320,304,2729BE22,0,1,1,4294967295,0,0
Block,288,304,E27F3D9B,0,1,1,4294967295,0,0
Block,320,512,6870F1DA,0,1,1,4294967295,0,0
Block,320,544,05038BA0,0,1,1,4294967295,0,0
Block,352,544,5709880C,0,1,1,4294967295,0,0
Block,336,144,7F6C55BD,0,1,1,4294967295,0,0
Block,368,144,C9E6D6AF,0,1,1,4294967295,0,0
Block,288,272,12E39469,0,1,1,4294967295,0,0
Block,416,80,64DB667F,0,1,1,4294967295,0,0
Block,336,176,542E3F72,0,1,1.5,4294967295,0,0
Block,416,224,D78F8AAA,0,1,1,4294967295,0,0
Block,496,144,355F07D7,0,1,1,4294967295,0,0
Block,288,48,E4B09428,0,1,1,4294967295,0,0
Block,288,16,D78E2A4F,0,1,1,4294967295,0,0
Block,256,-16,6B4C2B2E,0,1,1,4294967295,0,0
Block,288,-16,551E2CA6,0,1,1,4294967295,0,0
Block,208,64,60539D7C,0,1,1,4294967295,0,0
Block,208,96,8A76BD96,0,1,1,4294967295,0,0
Block,208,128,BB03D47E,0,1,1,4294967295,0,0
Block,240,128,A197D27B,0,1,1,4294967295,0,0
Block,112,0,02EA5072,0,1,1,4294967295,0,0
Block,112,32,80BB3B26,0,1,1,4294967295,0,0
Block,176,192,C3A9EC0F,0,1,1,4294967295,0,0
Block,176,224,BC22ADCA,0,1,1,4294967295,0,0
Block,176,256,52800C9E,0,1,1,4294967295,0,0
Block,112,192,FE6F2257,0,1,1,4294967295,0,0
Block,80,192,D1D74134,0,1,1,4294967295,0,0
Block,80,224,448CB1EC,0,1,1,4294967295,0,0
Block,80,256,79C1C83A,0,1,1,4294967295,0,0
Block,80,288,73B3F747,0,1,1,4294967295,0,0
Block,80,320,B93BB8E6,0,1,1,4294967295,0,0
Block,208,352,CAB5F669,0,1,1,4294967295,0,0
Block,208,384,48EC3753,0,1,1,4294967295,0,0
Block,208,416,9743B3DC,0,1,1,4294967295,0,0
Block,112,416,0BF81057,0,1,1,4294967295,0,0
Block,208,512,F37F3F5E,0,1,1,4294967295,0,0
Block,176,512,495B6459,0,1,1,4294967295,0,0
Block,48,480,DEA251A8,0,1,1,4294967295,0,0
Block,48,512,ACEF8EF2,0,1,1,4294967295,0,0
Block,48,544,F88B75FA,0,1,1,4294967295,0,0
Block,80,544,7FEB2046,0,1,1,4294967295,0,0
Block,16,432,FDE32ECA,0,1,1,4294967295,0,0
Block,16,464,5409230E,0,1,1.5,4294967295,0,0
Block,16,512,A34CEEA6,0,1,1,4294967295,0,0
Block,0,416,1160DB41,0,0.5,3,4294967295,0,0
Block,48,320,85860FA1,0,1,1,4294967295,0,0
PlayerStart,480,544,43F0CE82,0,1,1,4294967295,0,0
SaveVeryHard,480,544,224E1A5F,0,1,1,4294967295,0,0
StickyWall,576,480,29E08419,0,1,1,4294967295,0,0
StickyWall,576,448,E4963DC7,0,1,1,4294967295,0,0
BetterJumpRefresher,608,528,A87B75FC,0,1,1,4294967295,0,0
StickyWall,608,320,71595DD2,0,1,1,4294967295,0,0
BetterJumpRefresher,688,288,1C90AE8B,0,1,1,4294967295,0,0
BetterJumpRefresher,704,128,CAD7B36F,0,1,1,4294967295,0,0
StickyWall,688,144,DBF7B096,0,-1,2,4294967295,0,0
StickyWall,576,256,78BB3E34,0,-1,2,4294967295,0,0
Cherry,576,400,85CF7319,0,1,1,4294967295,0,0
PlatformExtended,512,352,8730DA59,0,0.5,2,4294967295,0,0
BetterJumpRefresher,400,416,BF775B76,0,1,1,4294967295,0,0
BetterJumpRefresher,352,416,BAD8A795,0,1,1,4294967295,0,0
BetterJumpRefresher,368,320,B77A0B32,0,1,1,4294967295,0,0
StickyWall,320,304,E7C4CF94,0,1,1,4294967295,0,0
StickyWall,368,144,0C1BD810,0,1,1,4294967295,0,0
Cherry,640,256,8E878D61,0,1,1,4294967295,0,0
BetterJumpRefresher,272,64,917C728C,0,1,1,4294967295,0,0
Cherry,224,176,CD2E9986,0,1,1,4294967295,0,0
StickyWall,208,224,CAFE2D78,0,-1,1,4294967295,0,0
StickyWall,80,288,9DCF1832,0,1,1,4294967295,0,0
Cherry,256,256,0C129355,0,1,1,4294967295,0,0
Cherry,272,288,DD5729F3,0,1,1,4294967295,0,0
StickyWall,240,352,97D33DA2,0,-1,1,4294967295,0,0
StickyWall,240,384,404B5098,0,-1,1,4294967295,0,0
BetterJumpRefresher,160,368,30057634,0,1,1,4294967295,0,0
Cherry,304,480,A0FB780E,0,1,1,4294967295,0,0
Cherry,288,448,8CB166EA,0,1,1,4294967295,0,0
Cherry,112,144,3CC34BEE,0,1,1,4294967295,0,0
StickyWall,48,512,13FA9870,0,1,1,4294967295,0,0
BetterJumpRefresher,112,464,EB529CA5,0,1,1,4294967295,0,0
Cherry,128,368,E6E03ECD,0,1,1,4294967295,0,0
Warp,16,192,47537505,0,1.5,1.5,4294967295,0,1
Cherry,112,112,93859613,0,1,1,4294967295,0,0
Item,48,288,3B481D82,0,1,1,4294967295,0,1
WaterRefreshing,672,368,CAD64184,0,1,2,4294967295,0,0
WaterCatharsis,400,352,F908AE5E,0,2.5,1,4294967295,0,0
WaterRefreshing,368,176,74B056B2,0,1,1.5,4294967295,0,0
WaterRefreshing,336,80,B2A6A553,0,1,2,4294967295,0,0
