MiniSpikeUp,48,448,1D49ADDD,0,1,1,4294967295,0,0
MiniSpikeLeft,64,320,839D8C61,0,1,1,4294967295,0,0
MiniSpikeLeft,64,368,E1395C53,0,1,1,4294967295,0,0
MiniSpikeLeft,64,416,DDBB1A4D,0,1,1,4294967295,0,0
MiniSpikeLeft,80,272,3A74F6C3,0,1,1,4294967295,0,0
MiniSpikeDown,64,208,7EDBDF79,0,1,1,4294967295,0,0
MiniSpikeUp,64,192,86A9C397,0,1,1,4294967295,0,0
SpikeUp,128,128,83E51B73,0,1,1,4294967295,0,0
SpikeDown,160,96,22A2AC24,0,1,1,4294967295,0,0
SpikeUp,224,64,BE24EF9A,0,1,1,4294967295,0,0
SpikeDown,224,0,CB5F2C18,0,1,1,4294967295,0,0
SpikeUp,336,32,9586A7EA,0,1,1,4294967295,0,0
SpikeUp,432,32,5DA7609B,0,1,1,4294967295,0,0
MiniSpikeDown,368,0,A24FB5A0,0,1,1,4294967295,0,0
MiniSpikeDown,416,0,95EBE930,0,1,1,4294967295,0,0
MiniSpikeRight,464,64,5E8C61CA,0,1,1,4294967295,0,0
MiniSpikeRight,528,80,160797C5,0,1,1,4294967295,0,0
MiniSpikeRight,560,96,886E2302,0,1,1,4294967295,0,0
SpikeLeft,512,16,DD912F60,0,1,1,4294967295,0,0
SaveVeryHard,32,528,FE260865,0,1,1,4294967295,0,0
BlockMini,0,592,51F8E1E3,0,1,1,4294967295,0,0
BlockMini,16,592,BDCB4FF5,0,1,1,4294967295,0,0
BlockMini,16,576,0E5D60F6,0,1,1,4294967295,0,0
BlockMini,32,576,899ECFBD,0,1,1,4294967295,0,0
BlockMini,32,560,D6C98AB2,0,1,1,4294967295,0,0
BlockMini,48,560,90824655,0,1,1,4294967295,0,0
BlockMini,64,560,BE4AF23D,0,1,1,4294967295,0,0
BlockMini,64,544,DF38BECE,0,1,1,4294967295,0,0
BlockMini,64,528,CBECE682,0,1,1,4294967295,0,0
BlockMini,64,512,B9FCE72A,0,1,1,4294967295,0,0
BlockMini,48,512,4D317F81,0,1,1,4294967295,0,0
BlockMini,48,496,9754BE05,0,1,1,4294967295,0,0
BlockMini,48,480,483031F9,0,1,1,4294967295,0,0
BlockMini,48,464,FE959D52,0,1,1,4294967295,0,0
BlockMini,64,464,94706127,0,1,1,4294967295,0,0
BlockMini,64,448,62200D17,0,1,1,4294967295,0,0
BlockMini,64,432,BFA38361,0,1,1,4294967295,0,0
BlockMini,80,432,67C1DE76,0,1,1,4294967295,0,0
BlockMini,80,416,24CDB37A,0,1,1,4294967295,0,0
BlockMini,80,400,5485D4D6,0,1,1,4294967295,0,0
BlockMini,80,384,992745A7,0,1,1,4294967295,0,0
BlockMini,80,368,88963E94,0,1,1,4294967295,0,0
BlockMini,80,352,9613F7C3,0,1,1,4294967295,0,0
BlockMini,80,336,DD39C6F9,0,1,1,4294967295,0,0
BlockMini,80,320,F517A62C,0,1,1,4294967295,0,0
BlockMini,96,320,37C4A927,0,1,1,4294967295,0,0
BlockMini,96,304,49A08F6D,0,1,1,4294967295,0,0
BlockMini,96,288,CDA06353,0,1,1,4294967295,0,0
BlockMini,96,272,1B21969D,0,1,1,4294967295,0,0
BlockMini,112,272,B70BF851,0,1,1,4294967295,0,0
BlockMini,112,256,84E932D4,0,1,1,4294967295,0,0
BlockMini,112,240,441C74B0,0,1,1,4294967295,0,0
BlockMini,112,224,D918789C,0,1,1,4294967295,0,0
BlockMini,96,224,ACC64FB0,0,1,1,4294967295,0,0
BlockMini,96,208,85AA9956,0,1,1,4294967295,0,0
BlockMini,96,192,019AEF14,0,1,1,4294967295,0,0
BlockMini,112,176,370ECD49,0,1,1,4294967295,0,0
BlockMini,112,192,61D1E171,0,1,1,4294967295,0,0
BlockMini,128,176,02E8A50F,0,1,1,4294967295,0,0
BlockMini,128,160,DBA647ED,0,1,1,4294967295,0,0
BlockMini,144,160,CBBADCB9,0,1,1,4294967295,0,0
BlockMini,160,160,24D3EB86,0,1,1,4294967295,0,0
BlockMini,160,144,947DE1B6,0,1,1,4294967295,0,0
BlockMini,176,144,9F4E5C97,0,1,1,4294967295,0,0
BlockMini,176,128,199CF21A,0,1,1,4294967295,0,0
BlockMini,192,128,931A1906,0,1,1,4294967295,0,0
BlockMini,192,112,94B01CCB,0,1,1,4294967295,0,0
BlockMini,208,112,FEE5B480,0,1,1,4294967295,0,0
BlockMini,224,112,8007C01C,0,1,1,4294967295,0,0
BlockMini,224,96,89848364,0,1,1,4294967295,0,0
BlockMini,240,96,2DA48658,0,1,1,4294967295,0,0
BlockMini,256,96,69EB057E,0,1,1,4294967295,0,0
BlockMini,256,80,A03701EB,0,1,1,4294967295,0,0
BlockMini,272,80,87270313,0,1,1,4294967295,0,0
BlockMini,288,80,DB2AEF1F,0,1,1,4294967295,0,0
BlockMini,304,80,3B80951A,0,1,1,4294967295,0,0
BlockMini,320,80,7929BE29,0,1,1,4294967295,0,0
BlockMini,336,80,475CF4A8,0,1,1,4294967295,0,0
BlockMini,336,64,98C1EF2E,0,1,1,4294967295,0,0
BlockMini,352,64,B5AF6F3D,0,1,1,4294967295,0,0
BlockMini,368,64,5785C904,0,1,1,4294967295,0,0
BlockMini,416,64,FE341282,0,1,1,4294967295,0,0
BlockMini,432,64,18E18F42,0,1,1,4294967295,0,0
BlockMini,448,64,580DE440,0,1,1,4294967295,0,0
BlockMini,448,80,33A770B0,0,1,1,4294967295,0,0
BlockMini,464,80,0772DEE6,0,1,1,4294967295,0,0
BlockMini,480,80,E9803A02,0,1,1,4294967295,0,0
BlockMini,496,80,3197ED63,0,1,1,4294967295,0,0
BlockMini,512,80,E3E63C1A,0,1,1,4294967295,0,0
BlockMini,512,96,D7F18805,0,1,1,4294967295,0,0
BlockMini,528,96,54616E1D,0,1,1,4294967295,0,0
BlockMini,544,96,EABD4E8D,0,1,1,4294967295,0,0
BlockMini,544,112,5451F3AA,0,1,1,4294967295,0,0
BlockMini,560,112,1B7EC9BF,0,1,1,4294967295,0,0
BlockMini,560,128,5654AAA6,0,1,1,4294967295,0,0
BlockMini,576,128,4125941A,0,1,1,4294967295,0,0
BlockMini,592,128,8C682639,0,1,1,4294967295,0,0
BlockMini,608,128,AA1D9AE4,0,1,1,4294967295,0,0
BlockMini,624,128,58E2BB97,0,1,1,4294967295,0,0
BlockMini,624,144,5CC73FC6,0,1,1,4294967295,0,0
BlockMini,640,144,C14A631C,0,1,1,4294967295,0,0
BlockMini,640,160,EF14EB44,0,1,1,4294967295,0,0
BlockMini,640,176,04648515,0,1,1,4294967295,0,0
BlockMini,640,192,C7D1D43E,0,1,1,4294967295,0,0
BlockMini,656,192,B9F051FF,0,1,1,4294967295,0,0
BlockMini,656,208,7E001DD3,0,1,1,4294967295,0,0
BlockMini,672,224,55B72AD2,0,1,1,4294967295,0,0
BlockMini,656,224,6612E229,0,1,1,4294967295,0,0
BlockMini,672,240,A4D54453,0,1,1,4294967295,0,0
BlockMini,672,256,4B55B688,0,1,1,4294967295,0,0
BlockMini,688,256,81432B72,0,1,1,4294967295,0,0
BlockMini,688,272,5E37169A,0,1,1,4294967295,0,0
BlockMini,688,288,C1A929BA,0,1,1,4294967295,0,0
BlockMini,704,288,65378294,0,1,1,4294967295,0,0
BlockMini,704,304,CD61C5A0,0,1,1,4294967295,0,0
BlockMini,704,320,6390F57B,0,1,1,4294967295,0,0
BlockMini,704,336,D0CA27EE,0,1,1,4294967295,0,0
BlockMini,704,352,0812109C,0,1,1,4294967295,0,0
BlockMini,704,368,8277591E,0,1,1,4294967295,0,0
BlockMini,720,368,D73DE5BD,0,1,1,4294967295,0,0
BlockMini,736,368,02D92CC6,0,1,1,4294967295,0,0
BlockMini,752,368,E8FF1F42,0,1,1,4294967295,0,0
BlockMini,752,352,E1EB0B71,0,1,1,4294967295,0,0
BlockMini,752,336,4ADB55BB,0,1,1,4294967295,0,0
BlockMini,768,352,3FEDEB4B,0,1,1,4294967295,0,0
BlockMini,768,368,2AD71901,0,1,2,4294967295,0,0
BlockMini,784,384,119D826E,0,1,1,4294967295,0,0
BlockMini,784,400,BF24C05C,0,1,1,4294967295,0,0
BlockMini,768,400,2504B867,0,1,1,4294967295,0,0
BlockMini,752,400,435E22D0,0,1,1,4294967295,0,0
BlockMini,736,400,028F19AA,0,1,1,4294967295,0,0
BlockMini,736,416,A550EEEC,0,1,1,4294967295,0,0
BlockMini,736,432,ACAE6B06,0,1,1,4294967295,0,0
BlockMini,736,448,07062B0D,0,1,1,4294967295,0,0
BlockMini,720,448,BA1ADFEF,0,1,1,4294967295,0,0
BlockMini,720,464,DA83AF72,0,1,1,4294967295,0,0
BlockMini,720,480,4283A132,0,1,1,4294967295,0,0
BlockMini,736,480,B8FF5E80,0,1,1,4294967295,0,0
BlockMini,736,496,E6DB63F6,0,1,1,4294967295,0,0
BlockMini,720,496,8D80F140,0,1,1,4294967295,0,0
BlockMini,720,512,7CBF98DB,0,1,1,4294967295,0,0
BlockMini,720,528,074613C9,0,1,1,4294967295,0,0
BlockMini,720,544,4BB50B98,0,1,1,4294967295,0,0
BlockMini,720,560,4B05EB7E,0,1,1,4294967295,0,0
BlockMini,720,576,A644211F,0,1,1,4294967295,0,0
BlockMini,720,592,0793BBB3,0,1,1,4294967295,0,0
BlockMini,400,64,94309A3C,0,1,1,4294967295,0,0
BlockMini,384,64,72EDD3C3,0,1,1,4294967295,0,0
BlockMini,544,0,EBC23A5C,0,1,1,4294967295,0,0
BlockMini,544,16,034C2107,0,1,1,4294967295,0,0
BlockMini,544,32,EEBC1526,0,1,1,4294967295,0,0
VineRight,48,496,D13BE9C4,0,1,1,4294967295,0,0
VineRight,48,464,D62A278E,0,1,1,4294967295,0,0
VineRight,80,336,B60AF6B7,0,1,1,4294967295,0,0
VineRight,80,384,6A6A145B,0,1,1,4294967295,0,0
PlayerStart,32,528,65B1AE70,0,1,1,4294967295,0,0
singleJumpFlag,16,192,02050014,0,1,1,4294967295,0,0
Warp,608,96,1D31503C,0,1,1,4294967295,0,0
Sign,720,336,E8B4BED9,0,1,1,4294967295,0,1
AlignIndicator,144,176,A69C99C9,0,-1,0.5,4294967295,0,0
GoldenCherry,724,304,4E4C51A2,0,1,1,4294967295,0,0
