SpikeLeft,192,480,5BE0FE3F,0,1,1,4294967295,0,0
SpikeUp,288,480,F4E3B983,0,1,1,4294967295,0,0
SpikeLeft,288,400,C4FF2D84,0,1,1,4294967295,0,0
SpikeUp,224,416,764FEECC,0,1,1,4294967295,0,0
SpikeLeft,352,464,8FDB1CC2,0,1,1,4294967295,0,0
SpikeUp,352,544,B2275B48,0,1,1,4294967295,0,0
SpikeUp,384,544,5246835E,0,1,1,4294967295,0,0
SpikeUp,352,384,64C22CCF,0,1,1,4294967295,0,0
SpikeUp,416,512,1030015C,0,1,1,4294967295,0,0
SpikeLeft,416,432,04F6EB7C,0,1,1,4294967295,0,0
SpikeUp,416,384,3D1A1828,0,1,1,4294967295,0,0
SpikeRight,496,480,A37B87C6,0,1,1,4294967295,0,0
SpikeLeft,528,528,2DEFE099,0,1,1,4294967295,0,0
SpikeLeft,496,368,D759F227,0,1,1,4294967295,0,0
SpikeRight,320,352,E6E01021,0,1,1,4294967295,0,0
SpikeLeft,416,320,647A229B,0,1,1,4294967295,0,0
SpikeUp,416,272,71007B24,0,1,1,4294967295,0,0
SpikeUp,288,320,6639A4ED,0,1,1,4294967295,0,0
SpikeLeft,368,240,55E571CC,0,1,1,4294967295,0,0
SpikeUp,304,288,ECEDB3C9,0,1,1,4294967295,0,0
SpikeLeft,528,416,42793DC4,0,1,1,4294967295,0,0
SpikeRight,352,176,D6745806,0,1,1,4294967295,0,0
SpikeRight,416,144,0FF5A43E,0,1,1,4294967295,0,0
SpikeLeft,288,144,DF0178F1,0,1,1,4294967295,0,0
SpikeUp,256,128,84E55DF7,0,1,1,4294967295,0,0
SpikeRight,272,96,920E7115,0,1,1,4294967295,0,0
SpikeDown,304,112,6ADF7FD5,0,1,1,4294967295,0,0
SpikeUp,528,336,DB055060,0,1,1,4294967295,0,0
SpikeUp,560,368,80D16F20,0,1,1,4294967295,0,0
SpikeLeft,256,240,7C3A54B2,0,1,1,4294967295,0,0
SpikeUp,208,176,ACED162B,0,1,1,4294967295,0,0
SpikeDown,160,320,05EDBE85,0,1,1,4294967295,0,0
SpikeLeft,192,352,81D20F71,0,1,1,4294967295,0,0
SpikeRight,224,352,5689AA39,0,1,1,4294967295,0,0
SpikeUp,160,416,7423A808,0,1,1,4294967295,0,0
SpikeUp,128,224,EC02B748,0,1,1,4294967295,0,0
SpikeUp,96,160,6044474F,0,1,1,4294967295,0,0
SpikeLeft,64,208,A8825AA5,0,1,1,4294967295,0,0
SpikeDown,0,224,C59CB5F2,0,1,1,4294967295,0,0
SpikeUp,0,128,6B7E18FC,0,1,1,4294967295,0,0
SpikeUp,64,160,4603D799,0,1,1,4294967295,0,0
SpikeRight,80,32,2A1D4AA4,0,1,1,4294967295,0,0
SpikeLeft,128,96,C7B090AA,0,1,1,4294967295,0,0
MiniSpikeDown,96,80,56F5CC06,0,1,1,4294967295,0,0
MiniSpikeDown,80,80,8D1E8D38,0,1,1,4294967295,0,0
SpikeDown,128,144,CD1BE2C6,0,1,1,4294967295,0,0
SpikeLeft,304,32,9E0615A3,0,1,1,4294967295,0,0
SpikeLeft,336,48,4E86A8C7,0,1,1,4294967295,0,0
SpikeRight,336,16,141A1393,0,1,1,4294967295,0,0
SpikeLeft,272,16,651744AB,0,1,1,4294967295,0,0
SpikeUp,384,112,B6D72CA4,0,1,1,4294967295,0,0
SpikeRight,416,48,39E04127,0,1,1,4294967295,0,0
SpikeRight,448,32,11B1B2F6,0,1,1,4294967295,0,0
SpikeLeft,480,80,BFE3B824,0,1,1,4294967295,0,0
SpikeRight,480,-16,BFE4155A,0,1,1,4294967295,0,0
SpikeRight,528,80,5151FFB7,0,1,1,4294967295,0,0
SpikeUp,496,160,6D2FC04B,0,1,1,4294967295,0,0
SpikeDown,576,208,22D1C9E0,0,1,1,4294967295,0,0
SpikeRight,544,240,D4F82983,0,1,1,4294967295,0,0
SpikeUp,432,208,2023FB74,0,1,1,4294967295,0,0
SpikeLeft,592,80,6FA65B09,0,1,1,4294967295,0,0
SpikeUp,608,112,262EC355,0,1,1,4294967295,0,0
SpikeRight,608,176,E6EDE8DB,0,1,1,4294967295,0,0
SpikeLeft,624,240,15D1343F,0,1,1,4294967295,0,0
SpikeLeft,656,224,257A79AA,0,1,1,4294967295,0,0
SpikeRight,640,160,6989148C,0,1,1,4294967295,0,0
SpikeLeft,672,112,97959F6E,0,1,1,4294967295,0,0
SpikeUp,672,32,DECFA642,0,1,1,4294967295,0,0
SpikeLeft,560,48,A548C2CE,0,1,1,4294967295,0,0
SpikeRight,592,48,D1F742AA,0,1,1,4294967295,0,0
SpikeRight,704,192,D43F786B,0,1,1,4294967295,0,0
SpikeRight,704,96,E10E1C18,0,1,1,4294967295,0,0
SpikeUp,672,288,DB110117,0,1,1,4294967295,0,0
SpikeLeft,736,256,073C875E,0,1,1,4294967295,0,0
SpikeRight,736,176,81C0B2DF,0,1,1,4294967295,0,0
SaveVeryHard,144,512,7AF33CDB,0,1,1,4294967295,0,0
Block,144,544,ACAB2D5F,0,1,1,4294967295,0,0
Block,144,576,791B6E1C,0,1,1,4294967295,0,0
Block,224,480,DC66E517,0,1,1,4294967295,0,0
Block,224,448,A448C8ED,0,1,1,4294967295,0,0
Block,288,512,C859E1E3,0,1,1,4294967295,0,0
Block,288,544,3E9F20AD,0,1,1,4294967295,0,0
Block,352,448,B7A1392B,0,1,1,4294967295,0,0
Block,352,416,90586B7B,0,1,1,4294967295,0,0
Block,288,384,8DADBB8F,0,1,1,4294967295,0,0
Block,288,352,93683022,0,1,1,4294967295,0,0
Block,352,576,4C9E275A,0,1,1,4294967295,0,0
Block,384,576,AD0BF923,0,1,1,4294967295,0,0
Block,416,576,E4889F3F,0,1,1,4294967295,0,0
Block,416,544,F9295451,0,1,1,4294967295,0,0
Block,416,416,AA14246C,0,1,1,4294967295,0,0
Block,464,448,663A5190,0,1,1,4294967295,0,0
Block,464,480,6EFCC2F5,0,1,1,4294967295,0,0
Block,480,576,8633E674,0,1,1,4294967295,0,0
Block,560,528,0FBF4942,0,1,1,4294967295,0,0
Block,560,496,61518D72,0,1,1,4294967295,0,0
Block,560,464,253F07AE,0,1,1,4294967295,0,0
Block,528,400,B2073EB8,0,1,1,4294967295,0,0
Block,560,400,BAAA6CA3,0,1,1,4294967295,0,0
Block,560,432,53E09DD6,0,1,1,4294967295,0,0
Block,528,368,4A88F196,0,1,1,4294967295,0,0
Block,416,304,9F4C1AA1,0,1,1,4294967295,0,0
Block,400,272,C8B9175B,0,1,1,4294967295,0,0
Block,400,240,D0E0988B,0,1,1,4294967295,0,0
Block,304,320,5303418F,0,1,1,4294967295,0,0
Block,256,352,E60AA217,0,1,1,4294967295,0,0
Block,464,432,40C7A30F,0,1,0.5,4294967295,0,0
Block,256,320,16202171,0,1,1,4294967295,0,0
Block,256,288,2AB613AC,0,1,1,4294967295,0,0
Block,256,256,FE5D55CE,0,1,1,4294967295,0,0
Block,320,176,0CE7432C,0,1,1,4294967295,0,0
Block,352,144,76053D66,0,1,1,4294967295,0,0
Block,320,144,D101A686,0,1,1,4294967295,0,0
Block,384,144,535BAC9D,0,1,1,4294967295,0,0
Block,208,240,DB26779A,0,1,1,4294967295,0,0
Block,208,208,B570AFC4,0,1,1,4294967295,0,0
Block,160,256,BB5E98B8,0,1,1,4294967295,0,0
Block,160,288,6D6CA3E2,0,1,1,4294967295,0,0
Block,128,368,9847CCC3,0,1,1,4294967295,0,0
Block,128,400,9D65B00C,0,1,1,4294967295,0,0
Block,128,432,B1943CBF,0,1,1,4294967295,0,0
Block,160,448,8F5423B3,0,1,0.5,4294967295,0,0
Block,128,256,DE23B3F5,0,1,1,4294967295,0,0
Block,96,256,02216F14,0,1,1,4294967295,0,0
Block,96,224,B7B78FA8,0,1,1,4294967295,0,0
Block,96,192,60A0B15E,0,1,1,4294967295,0,0
Block,64,192,5B0079AF,0,1,1,4294967295,0,0
Block,0,192,CCAA007E,0,1,1,4294967295,0,0
Block,0,160,4A0BC08E,0,1,1,4294967295,0,0
Block,128,112,0DE8DA1B,0,1,1,4294967295,0,0
Block,80,48,496CA2FA,0,1,1,4294967295,0,0
Block,176,48,C13470EA,0,1,1,4294967295,0,0
Block,176,16,B32B7F26,0,1,1,4294967295,0,0
Block,176,-16,1F416F41,0,1,1,4294967295,0,0
Block,192,128,238A403C,0,1,1,4294967295,0,0
Block,304,16,E795343B,0,1,1,4294967295,0,0
Block,304,-16,FA8A5105,0,1,1,4294967295,0,0
Block,336,32,DB8D12A4,0,1,1,4294967295,0,0
Block,416,32,82E8F073,0,1,1,4294967295,0,0
Block,416,0,1CB04289,0,1,1,4294967295,0,0
Block,480,96,3D466C29,0,1,1,4294967295,0,0
Block,480,128,189E0F5C,0,1,1,4294967295,0,0
Block,448,16,CF667692,0,1,1,4294967295,0,0
Block,448,-16,446AAD5B,0,1,1,4294967295,0,0
Block,528,64,DEAC7F39,0,1,1,4294967295,0,0
Block,528,32,E4070CB7,0,1,1,4294967295,0,0
Block,528,0,5B13E79E,0,1,1,4294967295,0,0
Block,480,160,23434684,0,1,1,4294967295,0,0
Block,560,64,B07CCADF,0,1,1,4294967295,0,0
Block,576,144,7A54D1F2,0,1,1,4294967295,0,0
Block,576,176,1FEA3BA4,0,1,1,4294967295,0,0
Block,544,256,E5D6D94E,0,1,1,4294967295,0,0
Block,432,240,E7EF78E1,0,1,1,4294967295,0,0
Block,592,64,9F7243BE,0,1,1,4294967295,0,0
Block,608,144,AA18B00D,0,1,1,4294967295,0,0
Block,640,144,C2FE5EB5,0,1,1,4294967295,0,0
Block,656,240,D0D58310,0,1,1,4294967295,0,0
Block,672,96,ED5F5CE5,0,1,1,4294967295,0,0
Block,672,64,07554923,0,1,1,4294967295,0,0
Block,704,176,A89D69EE,0,1,1,4294967295,0,0
Block,704,144,E11E465E,0,1,1,4294967295,0,0
Block,704,112,9E13FFF7,0,1,1,4294967295,0,0
Block,656,272,75680362,0,1,1,4294967295,0,0
Block,656,304,C29E1800,0,1,1,4294967295,0,0
Block,688,320,213EA23E,0,0.5,0.5,4294967295,0,0
Block,736,272,1989C1E2,0,1,1,4294967295,0,0
Block,736,304,1F275179,0,1,1,4294967295,0,0
Block,768,112,161C46E5,0,1,1,4294967295,0,0
VineRight,256,320,EDEA8686,0,1,1,4294967295,0,0
VineRight,256,288,FEFB5265,0,1,1,4294967295,0,0
AlignRefresher,224,488,07B039EC,0,1,0.5,4294967295,0,0
AlignRefresher,224,456,B8582D64,0,1,0.5,4294967295,0,0
PlayerStart,144,512,A90A3AB7,0,1,1,4294967295,0,0
AlignRefresher,288,512,4CD54C5F,0,1,1,4294967295,0,0
AlignRefresher,592,448,216CC51D,0,-1,2.5,4294967295,0,0
AlignRefresher,448,312,BFEE5F97,0,-1,0.5,4294967295,0,0
AlignRefresher,432,280,8BA3B001,0,-1,0.5,4294967295,0,0
AlignRefresher,352,176,4FA8BB39,0,-1,1,4294967295,0,0
AlignRefresher,128,240,7E255383,0,-1,1,4294967295,0,0
AlignRefresher,96,192,324D58C0,0,-1,1,4294967295,0,0
AlignRefresher,0,160,434095FA,0,1,2,4294967295,0,0
AlignRefresher,160,112,CFC3DC84,0,-1,1,4294967295,0,0
Cherry,176,144,1B70A558,0,1,1,4294967295,0,0
AlignRefresher,512,96,5E098B4C,0,-1,2,4294967295,0,0
AlignRefresher,448,16,04C93F05,0,1,1,4294967295,0,0
Cherry,464,176,35C089EA,0,1,1,4294967295,0,0
AlignRefresher,640,144,80F29369,0,1,1,4294967295,0,0
Cherry,656,128,A5E3F3BA,0,1,1,4294967295,0,0
Cherry,720,320,CD11E625,0,1,1,4294967295,0,0
Warp,768,80,870C4732,0,1,1,4294967295,0,0
WaterCatharsis,288,416,50F6AF24,0,1,3,4294967295,0,0
Water,416,512,55DB948B,0,1,1,4294967295,0,0
WaterCatharsis,416,336,9BC84F31,0,1,2.5,4294967295,0,0
WaterCatharsis,256,160,6DB9708A,0,1,3,4294967295,0,0
Water,112,48,A8602905,0,2,1,4294967295,0,0
WaterCatharsis,80,80,0E44E96A,0,1,3.5,4294967295,0,0
WaterCatharsis,288,320,7A58BCE2,0,0.5,1,4294967295,0,0
Water,624,176,C3DE2DA5,0,1,2.5,4294967295,0,0
Water,656,176,F9834FFD,0,0.5,2,4294967295,0,0
Water,736,192,A354581B,0,1,2.5,4294967295,0,0
Water,736,112,0DB14651,0,1,2.5,4294967295,0,0
