SpikeRight,224,512,08542C75,0,1,1,4294967295,0,0
SpikeDown,304,480,48838852,0,1,1,4294967295,0,0
SpikeRight,336,448,FA1C155E,0,1,1,4294967295,0,0
SpikeLeft,272,448,A9B7ED47,0,1,1,4294967295,0,0
MiniSpikeUp,208,432,2DAC4ED3,0,1,1,4294967295,0,0
MiniSpikeUp,192,432,9BEA1F08,0,1,1,4294967295,0,0
SpikeDown,256,400,2B0A4F4A,0,1,1,4294967295,0,0
SpikeUp,272,400,24315FB5,0,1,1,4294967295,0,0
SpikeUp,256,336,5EC333D3,0,1,1,4294967295,0,0
SpikeRight,192,336,026EB5AC,0,1,1,4294967295,0,0
SpikeLeft,304,416,D421044A,0,1,1,4294967295,0,0
SpikeDown,336,336,55F81E35,0,1,1,4294967295,0,0
SpikeRight,368,384,D9932945,0,1,1,4294967295,0,0
SpikeLeft,256,256,91C7637B,0,1,1,4294967295,0,0
SpikeLeft,320,256,2257AB8C,0,1,1,4294967295,0,0
SpikeRight,320,240,BDC7097E,0,1,1,4294967295,0,0
SpikeLeft,224,240,EEA6184A,0,1,1,4294967295,0,0
SpikeUp,432,256,70870442,0,1,1,4294967295,0,0
SpikeUp,400,416,65C6A93A,0,1,1,4294967295,0,0
SpikeDown,400,320,73CCF42D,0,1,1,4294967295,0,0
SpikeDown,464,320,2DB87316,0,1,1,4294967295,0,0
SpikeUp,432,384,C0FA4E28,0,1,1,4294967295,0,0
SpikeUp,400,528,C313A88E,0,1,1,4294967295,0,0
SpikeDown,432,480,8D0230B7,0,1,1,4294967295,0,0
SpikeRight,400,464,B03051E6,0,1,1,4294967295,0,0
SpikeUp,480,320,DDF28506,0,1,1,4294967295,0,0
SpikeDown,448,512,949ADB96,0,1,1,4294967295,0,0
SpikeUp,448,480,9BC85072,0,1,1,4294967295,0,0
SpikeUp,496,416,3335698E,0,1,1,4294967295,0,0
SpikeRight,528,512,C81AA702,0,1,1,4294967295,0,0
SpikeDown,528,384,24695CBB,0,1,1,4294967295,0,0
SpikeUp,528,288,8EBA9A1D,0,1,1,4294967295,0,0
SpikeUp,400,224,638C1405,0,1,1,4294967295,0,0
SpikeLeft,448,192,D5DFA0AC,0,1,1,4294967295,0,0
SpikeLeft,416,160,E7A2D2AF,0,1,1,4294967295,0,0
SpikeDown,480,256,2AD363AB,0,1,1,4294967295,0,0
SpikeUp,288,208,522D6720,0,1,1,4294967295,0,0
SpikeUp,256,208,33D25899,0,1,1,4294967295,0,0
SpikeLeft,304,144,B9192873,0,1,1,4294967295,0,0
SpikeRight,208,32,550E226C,0,1,1,4294967295,0,0
SpikeDown,208,176,09259A0F,0,1,1,4294967295,0,0
SpikeUp,304,32,67A6927E,0,1,1,4294967295,0,0
SpikeDown,272,0,9E7025E0,0,1,1,4294967295,0,0
SpikeUp,448,32,867933D0,0,1,1,4294967295,0,0
SpikeUp,480,64,2E8AD66E,0,1,1,4294967295,0,0
SpikeRight,336,64,1869C684,0,1,1,4294967295,0,0
SpikeLeft,416,64,5D14AA3F,0,1,1,4294967295,0,0
SpikeDown,512,32,918A2BD4,0,1,1,4294967295,0,0
SpikeDown,544,208,322901CC,0,1,1,4294967295,0,0
SpikeUp,544,144,7FB42890,0,1,1,4294967295,0,0
SpikeDown,560,432,72235C65,0,1,1,4294967295,0,0
SpikeRight,544,0,1544F426,0,1,1,4294967295,0,0
SpikeUp,208,128,C9410C77,0,1,1,4294967295,0,0
SpikeUp,288,576,AB50C3B5,0,1,1,4294967295,0,0
SurfaceHabluka,208,96,2E40427D,0,1,1,4294967295,0,0
SaveVeryHard,192,544,44D8294A,0,1,1,4294967295,0,0
SolidTileDisplay,128,544,B356E192,0,1,1,4294967295,0,1
SurfaceBlock,160,32,25668281,0,1,1,4294967295,0,1
Block,160,576,A1EB7374,0,1,1,4294967295,0,0
Block,192,576,75BA1E56,0,1,1,4294967295,0,0
Block,160,512,188FDE85,0,1,1,4294967295,0,0
Block,192,512,3C4E9028,0,1,1,4294967295,0,0
Block,320,544,1F88FF3B,0,1,1,4294967295,0,0
Block,320,576,F44A06C7,0,1,1,4294967295,0,0
Block,224,480,B5E70784,0,1,1,4294967295,0,0
Block,192,480,699BE92A,0,1,1,4294967295,0,0
Block,160,480,3F8B327F,0,1,1,4294967295,0,0
Block,304,448,541956C6,0,1,1,4294967295,0,0
Block,272,432,EA32AA0B,0,1,1,4294967295,0,0
Block,192,448,14B7B6DA,0,1,1,4294967295,0,0
Block,304,432,3F46CB2E,0,1,0.5,4294967295,0,0
Block,336,432,DFFE8DC3,0,1,1,4294967295,0,0
Block,160,448,69CE38BE,0,1,1,4294967295,0,0
Block,160,416,CE2BE8C2,0,1,1,4294967295,0,0
Block,160,384,7C3FEE61,0,1,1,4294967295,0,0
Block,160,336,97AADE6C,0,1,1.5,4294967295,0,0
Block,256,368,B57FE82F,0,1,1,4294967295,0,0
Block,336,416,813E425C,0,1,0.5,4294967295,0,0
Block,352,256,4E621358,0,1,1,4294967295,0,0
Block,256,240,224C8B98,0,1,1,4294967295,0,0
Block,288,240,31E77479,0,1,1.5,4294967295,0,0
Block,288,288,9E1581BF,0,1,1,4294967295,0,0
Block,432,288,7EB7C868,0,1,1,4294967295,0,0
Block,400,448,B2B511A3,0,1,1,4294967295,0,0
Block,416,320,717EDCE9,0,0.5,1,4294967295,0,0
Block,400,288,27AA79F8,0,1,1,4294967295,0,0
Block,464,448,B4FA6F15,0,1,1,4294967295,0,0
Block,432,416,F39D2B93,0,1,1,4294967295,0,0
Block,432,448,737DC403,0,1,1,4294967295,0,0
Block,400,560,6C4E1B9F,0,1,1.5,4294967295,0,0
Block,432,592,0E55108D,0,1,1,4294967295,0,0
Block,480,352,2CFCF704,0,1,3,4294967295,0,0
Block,496,448,B8BD3035,0,1,1,4294967295,0,0
Block,496,544,3CCC8F1D,0,1,1.5,4294967295,0,0
Block,496,592,A1E6D57E,0,1,1,4294967295,0,0
Block,608,576,C223B1E2,0,1,1,4294967295,0,0
Block,560,384,4D05B9A3,0,1,1.5,4294967295,0,0
Block,608,448,225DC6B8,0,1,1,4294967295,0,0
Block,608,480,C8083AE2,0,1,1,4294967295,0,0
Block,608,512,B325C995,0,1,1,4294967295,0,0
Block,608,544,B69DB311,0,1,1,4294967295,0,0
Block,608,416,5D0D0C63,0,1,1,4294967295,0,0
Block,608,384,8F3F325A,0,1,1,4294967295,0,0
Block,608,352,EF1EF239,0,1,1,4294967295,0,0
Block,528,320,8D18E396,0,1,2,4294967295,0,0
Block,400,256,C1D5A246,0,1,1,4294967295,0,0
Block,448,160,D5436782,0,1,1,4294967295,0,0
Block,480,160,10C87628,0,1,1,4294967295,0,0
Block,480,192,B1291DC3,0,1,1,4294967295,0,0
Block,480,224,A551E954,0,1,1,4294967295,0,0
Block,160,304,454BDDC9,0,1,1,4294967295,0,0
Block,160,272,B384BCD3,0,1,1,4294967295,0,0
Block,160,240,2D215969,0,1,1,4294967295,0,0
Block,160,208,884CEDB5,0,1,1,4294967295,0,0
Block,160,176,095F53AC,0,1,1,4294967295,0,0
Block,160,144,066CB4AA,0,1,1,4294967295,0,0
Block,160,112,5A7EEE9D,0,1,1,4294967295,0,0
Block,160,80,2E8C257D,0,1,1,4294967295,0,0
Block,160,48,75352DBE,0,1,1,4294967295,0,0
Block,160,16,9D53A8C1,0,1,1,4294967295,0,0
Block,160,-16,393E85C3,0,1,1,4294967295,0,0
Block,608,320,CB8DAF92,0,1,1,4294967295,0,0
Block,608,288,9A4CB574,0,1,1,4294967295,0,0
Block,608,256,417435CE,0,1,1,4294967295,0,0
Block,608,224,E9916189,0,1,1,4294967295,0,0
Block,608,192,78E8470E,0,1,1,4294967295,0,0
Block,608,160,BB7532AF,0,1,1,4294967295,0,0
Block,608,48,AD94F3F5,0,1,1,4294967295,0,0
Block,608,80,9B0CE6FE,0,1,1,4294967295,0,0
Block,608,16,595F73E6,0,1,1,4294967295,0,0
Block,608,-16,BDBA0AB3,0,1,1,4294967295,0,0
Block,272,208,870807E2,0,1,1,4294967295,0,0
Block,304,128,A67E47C0,0,1,1,4294967295,0,0
Block,304,96,9AE69226,0,1,1,4294967295,0,0
Block,272,96,3E267622,0,1,1,4294967295,0,0
Block,272,64,EC78264B,0,1,1,4294967295,0,0
Block,304,64,2998950D,0,1,1,4294967295,0,0
Block,208,16,E076C7D3,0,1,1,4294967295,0,0
Block,208,-16,5106B8B5,0,1,1,4294967295,0,0
Block,208,160,EB6067B4,0,1,0.5,4294967295,0,0
Block,448,128,79A407A2,0,1,1,4294967295,0,0
Block,448,96,861252DE,0,1,1,4294967295,0,0
Block,448,64,DCD3017A,0,1,1,4294967295,0,0
Block,480,64,766FA780,0,0.5,1,4294967295,0,0
Block,480,96,F8B8E39B,0,1,1,4294967295,0,0
Block,480,128,A2189EFA,0,1,1,4294967295,0,0
Block,496,0,B68F2E78,0,1,1,4294967295,0,0
Block,528,0,5CE8A2E9,0,0.5,1,4294967295,0,0
Block,608,112,8282D01D,0,1,1.5,4294967295,0,0
Block,592,64,24A4ABA2,0,0.5,2,4294967295,0,0
Block,544,176,4B686BF8,0,1,1,4294967295,0,0
Block,496,512,040624DA,0,1,1,4294967295,0,0
Block,128,576,D9853D8F,0,1,1,4294967295,0,0
Block,96,576,7CD036A2,0,1,1,4294967295,0,0
Block,64,576,58B65497,0,1,1,4294967295,0,0
Block,32,576,3433DF11,0,1,1,4294967295,0,0
Block,0,576,9A35179C,0,1,1,4294967295,0,0
Block,352,384,52E1E22D,0,0.5,1,4294967295,0,0
Block,128,512,2A4F1DDF,0,1,1,4294967295,0,0
PlayerStart,192,544,E29C7E03,0,1,1,4294967295,0,0
SlopeBottomRight,320,512,E7F92FE6,0,1,1,4294967295,0,0
SlopeBottomLeft,224,448,689A1626,0,1,1,4294967295,0,0
SlopeBottomRight,224,368,AB6D24B2,0,1,1,4294967295,0,0
SlopeTopRight,288,320,C6590533,0,1,1,4294967295,0,0
SlopeBottomLeft,464,288,D8557FB2,0,1,1,4294967295,0,0
Cherry,352,496,AC4707E7,0,1,1,4294967295,0,0
SlopeBottomLeft,432,560,BE8AE871,0,1,1,4294967295,0,0
SlopeBottomLeft,528,448,D7924C1B,0,1,1,4294967295,0,0
SlopeBottomLeft,560,352,BB82F8DA,0,1,1,4294967295,0,0
SlopeBottomRight,352,224,2C34A756,0,1,1,4294967295,0,0
Cherry,352,192,A4F485D4,0,1,1,4294967295,0,0
SlopeBottomLeft,272,176,30AD3A61,0,1,1,4294967295,0,0
SlopeTopRight,272,128,B869FFC4,0,1,1,4294967295,0,0
SlopeBottomRight,240,64,6FC7EA4F,0,1,1,4294967295,0,0
SlopeTopRight,240,96,CFA841DA,0,1,1,4294967295,0,0
SlopeBottomLeft,464,32,2205F4B6,0,1,1,4294967295,0,0
SlopeTopRight,560,96,0FEDC1E0,0,1,1,4294967295,0,0
SlopeBottomRight,560,64,CC457A5A,0,1,1,4294967295,0,0
Warp,16,528,28CAF1A6,0,1,1,4294967295,0,0
TriggerFade,128,512,0A01AB74,0,1,1,4294967295,0,1
Trigger,576,32,9467E064,0,1,1,4294967295,0,1
objPlaceholder,576,32,E65ACA5F,0,1,1,4294967295,0,0
TriggerFade,640,32,F499BC7C,0,1,1,4294967295,0,1
SlopeBottomRight,128,480,B9CAD0C9,0,1,1,4294967295,0,0
