SpikeUp,192,384,19F22751,0,1,1,4294967295,0,0
SpikeDown,240,480,894F5085,0,1,1,4294967295,0,0
SpikeDown,192,416,F70C5DA4,0,1,1,4294967295,0,0
SpikeUp,176,416,E01CC258,0,1,1,4294967295,0,0
SpikeDown,176,480,B1B19E56,0,1,1,4294967295,0,0
SpikeDown,144,384,20EDEDE9,0,1,1,4294967295,0,0
SpikeUp,304,320,3C14BEEC,0,1,1,4294967295,0,0
SpikeDown,320,240,8B5FFB77,0,1,1,4294967295,0,0
SpikeUp,336,320,5E766246,0,1,1,4294967295,0,0
SpikeUp,320,144,3B7CDABA,0,1,1,4294967295,0,0
SpikeLeft,368,272,1FEF77D3,0,1,1,4294967295,0,0
SpikeLeft,400,288,2F1EF129,0,1,1,4294967295,0,0
SpikeLeft,400,256,B5A8DA6E,0,1,1,4294967295,0,0
SpikeUp,432,224,89F94C87,0,1,1,4294967295,0,0
SpikeDown,432,320,B0DA14B2,0,1,1,4294967295,0,0
SpikeUp,432,448,D498EFA4,0,1,1,4294967295,0,0
SpikeUp,448,416,85213EFD,0,1,1,4294967295,0,0
SpikeUp,464,448,9A8330B8,0,1,1,4294967295,0,0
SpikeUp,432,576,F71A6A77,0,1,1,4294967295,0,0
SpikeUp,464,576,0B911C82,0,1,1,4294967295,0,0
SpikeUp,496,352,0819C165,0,1,1,4294967295,0,0
SpikeDown,496,480,746A2D25,0,1,1,4294967295,0,0
SpikeDown,528,416,B9DAA3F1,0,1,1,4294967295,0,0
SpikeDown,672,400,E15F7BD3,0,1,1,4294967295,0,0
SpikeUp,608,432,691BCE9C,0,1,1,4294967295,0,0
SpikeUp,640,336,D7BD81F4,0,1,1,4294967295,0,0
SpikeUp,672,336,3EB57407,0,1,1,4294967295,0,0
SpikeUp,656,304,7615C7A4,0,1,1,4294967295,0,0
MiniSpikeLeft,128,288,FBF735E2,0,1,1,4294967295,0,0
MiniSpikeLeft,128,368,92364048,0,1,1,4294967295,0,0
MiniSpikeRight,104,240,6EFC488E,0,1,1,4294967295,0,0
MiniSpikeRight,104,328,25658D61,0,1,1,4294967295,0,0
SurfaceBlock,80,64,42224C59,0,1,1,4294967295,0,1
SurfaceBlock,32,224,2AA55BC4,0,1,1,4294967295,0,1
Block,64,544,37491360,0,1,1,4294967295,0,0
Block,64,576,5D872FF6,0,1,1,4294967295,0,0
Block,176,448,C1173977,0,1,1,4294967295,0,0
Block,240,352,64127345,0,1,4,4294967295,0,0
Block,272,352,91EB6DC5,0,1,1,4294967295,0,0
Block,304,352,22B80613,0,1,1,4294967295,0,0
Block,272,448,3ABCE689,0,1,1,4294967295,0,0
Block,304,448,91207CE8,0,1,1,4294967295,0,0
Block,336,448,B69B484C,0,1,1,4294967295,0,0
Block,336,416,857E5F92,0,1,1,4294967295,0,0
Block,336,384,D2342D39,0,1,1,4294967295,0,0
Block,336,352,F5ED0C00,0,1,1,4294967295,0,0
Block,320,208,4D96A904,0,1,1,4294967295,0,0
Block,320,176,74339866,0,1,1,4294967295,0,0
Block,432,256,B61B847F,0,1,1,4294967295,0,0
Block,432,288,85BE438A,0,1,1,4294967295,0,0
Block,496,448,1CEA079C,0,1,1,4294967295,0,0
Block,496,416,7C8E64DE,0,1,1,4294967295,0,0
Block,496,384,6D9008F7,0,1,1,4294967295,0,0
Block,528,384,4D176B7F,0,1,1,4294967295,0,0
Block,560,576,89FA42E6,0,1,1,4294967295,0,0
Block,528,352,E8F4AAF1,0,1,1,4294967295,0,0
Block,528,320,4EC29949,0,1,1,4294967295,0,0
Block,528,288,A7886641,0,1,1,4294967295,0,0
Block,528,256,201348B4,0,1,1,4294967295,0,0
Block,528,224,30ED3D00,0,1,1,4294967295,0,0
Block,528,192,AF916C41,0,1,1,4294967295,0,0
Block,528,160,F63930AC,0,1,1,4294967295,0,0
Block,528,128,364FA207,0,1,1,4294967295,0,0
Block,528,96,5945910D,0,1,1,4294967295,0,0
Block,528,64,D13F263E,0,1,1,4294967295,0,0
Block,528,32,18190F9E,0,1,1,4294967295,0,0
Block,528,0,C6A1855D,0,1,1,4294967295,0,0
Block,608,496,163CA2F0,0,1,1,4294967295,0,0
Block,608,464,B25AFB8E,0,1,1,4294967295,0,0
Block,640,464,2428BED6,0,1,1,4294967295,0,0
Block,640,368,DF5639E3,0,1,1,4294967295,0,0
Block,672,368,CA82B6F4,0,1,1,4294967295,0,0
Block,640,400,8E4CD532,0,1,1,4294967295,0,0
Block,640,432,859A0CCF,0,1,1,4294967295,0,0
Block,144,192,287C17AD,0,1,1,4294967295,0,0
Block,144,160,DF508DEE,0,1,1,4294967295,0,0
Block,144,128,BE518B30,0,1,1,4294967295,0,0
Block,144,96,5443FDD4,0,1,1,4294967295,0,0
Block,144,64,7748553B,0,1,1,4294967295,0,0
Block,144,32,A7CF8C3C,0,1,1,4294967295,0,0
Block,144,0,F300EFD0,0,1,1,4294967295,0,0
Block,48,224,49AAC1E0,0,1,1,4294967295,0,0
Block,16,224,3833414A,0,1,1,4294967295,0,0
Block,-16,224,3C3B7FCC,0,1,1,4294967295,0,0
Block,144,224,28AA6700,0,1,1,4294967295,0,0
Block,144,256,AD2C9E84,0,1,1,4294967295,0,0
Block,144,288,CF4CE46B,0,1,1,4294967295,0,0
Block,144,320,BC09F0D3,0,1,1,4294967295,0,0
Block,144,352,A719EA34,0,1,1,4294967295,0,0
Block,80,224,BAA3BBA3,0,0.75,5,4294967295,0,0
VineLeft,336,352,B0881AF2,0,1,1,4294967295,0,0
VineLeft,336,384,F16DEE9A,0,1,1,4294967295,0,0
VineLeft,432,256,7CEC071E,0,1,1,4294967295,0,0
VineLeft,432,288,E82DE4F3,0,1,1,4294967295,0,0
VineLeft,640,464,D9724FD2,0,1,1,4294967295,0,0
BounceCherry,192,560,DC21780C,0,1,1,4294967295,0,0
SaveVeryHard,240,320,7B7695D5,0,1,1,4294967295,0,0
SaveVeryHard,64,512,05092DCD,0,1,1,4294967295,0,0
GravityDown,448,496,9B4EE6F1,0,1,1,4294967295,0,0
SaveVeryHard,560,544,13BE05B2,0,1,1,4294967295,0,0
JumpOverRefresher,672,512,56AF565F,0,1,1,4294967295,0,1
Warp,656,192,C9BD3F22,0,1,1,4294967295,0,0
PlayerStart,72,192,87B378AC,0,1,1,4294967295,0,0
SaveVeryHard,72,192,61D3D1BA,0,1,1,4294967295,0,0
StickyWall,174,224,D2CB167A,0,-1,5,4294967295,0,0
WaterGrav,208,384,67CAEDA0,0,1,1,4294967295,0,0
WaterReverse,320,320,024D8CD5,0,1,1,4294967295,0,0
WaterGrav,464,256,FBAFC865,0,2,2,4294967295,0,0
